# Synthetic Debye; axis unit and DOS unit recorded in material_results.json
0.00000000000000000e+00 0.00000000000000000e+00 0.00000000000000000e+00
5.02654824574366837e+10 4.99999999999999977e-07 1.79049310978382283e-19
1.00530964914873367e+11 1.99999999999999991e-06 7.16197243913529130e-19
1.50796447372310059e+11 4.50000000000000011e-06 1.61144379880544021e-18
2.01061929829746735e+11 7.99999999999999964e-06 2.86478897565411652e-18
2.51327412287183411e+11 1.25000000000000006e-05 4.47623277445955596e-18
3.01592894744620117e+11 1.80000000000000005e-05 6.44577519522176082e-18
3.51858377202056763e+11 2.44999999999999958e-05 8.77341623794073112e-18
4.02123859659493469e+11 3.19999999999999986e-05 1.14591559026164661e-17
4.52389342116930115e+11 4.04999999999999951e-05 1.45029941892489642e-17
5.02654824574366821e+11 5.00000000000000024e-05 1.79049310978382238e-17
5.52920307031803467e+11 6.04999999999999730e-05 2.16649666283842481e-17
6.03185789489240234e+11 7.20000000000000018e-05 2.57831007808870433e-17
6.53451271946676880e+11 8.45000000000000211e-05 3.02593335553466062e-17
7.03716754404113525e+11 9.79999999999999833e-05 3.50936649517629245e-17
7.53982236861550171e+11 1.12499999999999970e-04 4.02860949701360044e-17
8.04247719318986938e+11 1.27999999999999994e-04 4.58366236104658643e-17
8.54513201776423706e+11 1.44500000000000016e-04 5.17452508727524735e-17
9.04778684233860229e+11 1.61999999999999980e-04 5.80119767569958567e-17
9.55044166691296875e+11 1.80499999999999996e-04 6.46368012631960014e-17
1.00530964914873364e+12 2.00000000000000010e-04 7.16197243913528953e-17
1.05557513160617041e+12 2.20500000000000020e-04 7.89607461414666001e-17
1.10584061406360693e+12 2.41999999999999892e-04 8.66598665135369926e-17
1.15610609652104370e+12 2.64499999999999924e-04 9.47170855075642083e-17
1.20637157897848047e+12 2.88000000000000007e-04 1.03132403123548173e-16
1.25663706143591699e+12 3.12500000000000061e-04 1.11905819361488924e-16
1.30690254389335376e+12 3.38000000000000084e-04 1.21037334221386425e-16
1.35716802635079028e+12 3.64499999999999915e-04 1.30526947703240674e-16
1.40743350880822705e+12 3.91999999999999933e-04 1.40374659807051698e-16
1.45769899126566382e+12 4.20500000000000030e-04 1.50580470532819495e-16
1.50796447372310034e+12 4.49999999999999879e-04 1.61144379880544018e-16
1.55822995618053711e+12 4.80499999999999862e-04 1.72066387850225363e-16
1.60849543863797388e+12 5.11999999999999977e-04 1.83346494441863457e-16
1.65876092109541064e+12 5.44500000000000062e-04 1.94984699655458276e-16
1.70902640355284741e+12 5.78000000000000063e-04 2.06981003491009894e-16
1.75929188601028394e+12 6.12499999999999872e-04 2.19335405948518261e-16
1.80955736846772046e+12 6.47999999999999922e-04 2.32047907027983427e-16
1.85982285092515723e+12 6.84499999999999887e-04 2.45118506729405317e-16
1.91008833338259375e+12 7.21999999999999986e-04 2.58547205052784005e-16
1.96035381584003052e+12 7.60500000000000000e-04 2.72334001998119345e-16
2.01061929829746729e+12 8.00000000000000038e-04 2.86478897565411581e-16
2.06088478075490405e+12 8.40500000000000101e-04 3.00981891754660616e-16
2.11115026321234082e+12 8.82000000000000080e-04 3.15842984565866401e-16
2.16141574566977759e+12 9.24500000000000191e-04 3.31062175999028835e-16
2.21168122812721387e+12 9.67999999999999568e-04 3.46639466054147970e-16
2.26194671058465039e+12 1.01249999999999951e-03 3.62574854731224052e-16
2.31221219304208740e+12 1.05799999999999970e-03 3.78868342030256833e-16
2.36247767549952393e+12 1.10450000000000001e-03 3.95519927951246413e-16
2.41274315795696094e+12 1.15200000000000003e-03 4.12529612494192693e-16
2.46300864041439746e+12 1.20050000000000018e-03 4.29897395659095870e-16
2.51327412287183398e+12 1.25000000000000024e-03 4.47623277445955697e-16
2.56353960532927100e+12 1.30050000000000022e-03 4.65707257854772274e-16
2.61380508778670752e+12 1.35200000000000034e-03 4.84149336885545699e-16
2.66407057024414404e+12 1.40449999999999950e-03 5.02949514538275676e-16
2.71433605270158057e+12 1.45799999999999966e-03 5.22107790812962698e-16
2.76460153515901758e+12 1.51249999999999974e-03 5.41624165709606271e-16
2.81486701761645410e+12 1.56799999999999973e-03 5.61498639228206792e-16
2.86513250007389111e+12 1.62449999999999964e-03 5.81731211368763963e-16
2.91539798253132764e+12 1.68200000000000012e-03 6.02321882131277982e-16
2.96566346498876465e+12 1.74050000000000029e-03 6.23270651515748750e-16
3.01592894744620068e+12 1.79999999999999952e-03 6.44577519522176070e-16
3.06619442990363721e+12 1.86049999999999952e-03 6.66242486150560435e-16
3.11645991236107422e+12 1.92199999999999945e-03 6.88265551400901451e-16
3.16672539481851074e+12 1.98450000000000015e-03 7.10646715273199118e-16
3.21699087727594775e+12 2.04799999999999991e-03 7.33385977767453829e-16
3.26725635973338428e+12 2.11250000000000023e-03 7.56483338883665093e-16
3.31752184219082129e+12 2.17800000000000025e-03 7.79938798621833106e-16
3.36778732464825781e+12 2.24450000000000040e-03 8.03752356981957967e-16
3.41805280710569482e+12 2.31200000000000025e-03 8.27924013964039577e-16
3.46831828956313086e+12 2.38049999999999937e-03 8.52453769568077739e-16
3.51858377202056787e+12 2.44999999999999949e-03 8.77341623794073044e-16
3.56884925447800439e+12 2.52049999999999974e-03 9.02587576642025001e-16
3.61911473693544092e+12 2.59199999999999969e-03 9.28191628111933707e-16
3.66938021939287793e+12 2.66449999999999977e-03 9.54153778203799260e-16
3.71964570185031445e+12 2.73799999999999955e-03 9.80474026917621267e-16
3.76991118430775146e+12 2.81249999999999990e-03 1.00715237425340032e-15
3.82017666676518750e+12 2.88799999999999994e-03 1.03418882021113602e-15
3.87044214922262451e+12 2.96450000000000012e-03 1.06158336479082837e-15
3.92070763168006104e+12 3.04200000000000000e-03 1.08933600799247738e-15
3.97097311413749805e+12 3.12050000000000001e-03 1.11744674981608363e-15
4.02123859659493457e+12 3.20000000000000015e-03 1.14591559026164632e-15
4.07150407905237109e+12 3.28049999999999913e-03 1.17474252932916587e-15
4.12176956150980811e+12 3.36200000000000040e-03 1.20392756701864246e-15
4.17203504396724414e+12 3.44449999999999921e-03 1.23347070333007512e-15
4.22230052642468164e+12 3.52800000000000032e-03 1.26337193826346560e-15
4.27256600888211768e+12 3.61249999999999939e-03 1.29363127181881156e-15
4.32283149133955518e+12 3.69800000000000077e-03 1.32424870399611534e-15
4.37309697379699121e+12 3.78449999999999967e-03 1.35522423479537538e-15
4.42336245625442773e+12 3.87199999999999827e-03 1.38655786421659188e-15
4.47362793871186523e+12 3.96049999999999961e-03 1.41824959225976601e-15
4.52389342116930078e+12 4.04999999999999805e-03 1.45029941892489621e-15
4.57415890362673828e+12 4.14050000000000008e-03 1.48270734421198344e-15
4.62442438608417480e+12 4.23199999999999878e-03 1.51547336812102733e-15
4.67468986854161133e+12 4.32450000000000022e-03 1.54859749065202827e-15
4.72495535099904785e+12 4.41800000000000005e-03 1.58207971180498565e-15
4.77522083345648535e+12 4.51250000000000002e-03 1.61592003157990008e-15
4.82548631591392188e+12 4.60800000000000012e-03 1.65011844997677077e-15
4.87575179837135742e+12 4.70449999999999861e-03 1.68467496699559831e-15
4.92601728082879492e+12 4.80200000000000071e-03 1.71958958263638348e-15
4.97628276328623145e+12 4.90049999999999947e-03 1.75486229689912451e-15
5.02654824574366797e+12 5.00000000000000097e-03 1.79049310978382279e-15
5.07681372820110449e+12 5.10049999999999913e-03 1.82648202129047752e-15
5.12707921065854199e+12 5.20200000000000089e-03 1.86282903141908910e-15
5.17734469311597852e+12 5.30449999999999932e-03 1.89953414016965713e-15
5.22761017557341504e+12 5.40800000000000135e-03 1.93659734754218280e-15
5.27787565803085156e+12 5.51249999999999917e-03 1.97401865353666492e-15
5.32814114048828809e+12 5.61799999999999800e-03 2.01179805815310270e-15
5.37840662294572559e+12 5.72449999999999955e-03 2.04993556139149852e-15
5.42867210540316113e+12 5.83199999999999864e-03 2.08843116325185079e-15
5.47893758786059863e+12 5.94049999999999960e-03 2.12728486373415991e-15
5.52920307031803516e+12 6.04999999999999896e-03 2.16649666283842509e-15
5.57946855277547168e+12 6.16050000000000018e-03 2.20606656056464790e-15
5.62973403523290820e+12 6.27199999999999893e-03 2.24599455691282717e-15
5.67999951769034473e+12 6.38449999999999868e-03 2.28628065188296249e-15
5.73026500014778223e+12 6.49799999999999857e-03 2.32692484547505585e-15
5.78053048260521777e+12 6.61249999999999859e-03 2.36792713768910527e-15
5.83079596506265527e+12 6.72800000000000047e-03 2.40928752852511193e-15
5.88106144752009180e+12 6.84449999999999902e-03 2.45100601798307425e-15
5.93132692997752930e+12 6.96200000000000117e-03 2.49308260606299500e-15
5.98159241243496484e+12 7.08049999999999912e-03 2.53551729276487102e-15
6.03185789489240137e+12 7.19999999999999807e-03 2.57831007808870428e-15
6.08212337734983887e+12 7.32049999999999975e-03 2.62146096203449439e-15
6.13238885980727441e+12 7.44199999999999810e-03 2.66496994460224174e-15
6.18265434226471191e+12 7.56450000000000004e-03 2.70883702579194555e-15
6.23291982472214844e+12 7.68799999999999779e-03 2.75306220560360580e-15
6.28318530717958594e+12 7.81250000000000000e-03 2.79764548403722291e-15
6.33345078963702148e+12 7.93800000000000061e-03 2.84258686109279647e-15
6.38371627209445898e+12 8.06450000000000049e-03 2.88788633677032767e-15
6.43398175455189551e+12 8.19199999999999963e-03 2.93354391106981532e-15
6.48424723700933203e+12 8.32049999999999630e-03 2.97955958399125863e-15
6.53451271946676855e+12 8.45000000000000091e-03 3.02593335553466037e-15
6.58477820192420508e+12 8.58049999999999785e-03 3.07266522570001778e-15
6.63504368438164258e+12 8.71200000000000099e-03 3.11975519448733242e-15
6.68530916683907812e+12 8.84449999999999646e-03 3.16720326189660313e-15
6.73557464929651562e+12 8.97800000000000160e-03 3.21500942792783187e-15
6.78584013175395215e+12 9.11249999999999734e-03 3.26317369258101666e-15
6.83610561421138965e+12 9.24800000000000101e-03 3.31169605585615831e-15
6.88637109666882520e+12 9.38449999999999701e-03 3.36057651775325640e-15
6.93663657912626172e+12 9.52199999999999748e-03 3.40981507827231095e-15
6.98690206158369922e+12 9.66049999999999721e-03 3.45941173741332354e-15
7.03716754404113574e+12 9.79999999999999795e-03 3.50936649517629218e-15
7.08743302649857227e+12 9.94049999999999795e-03 3.55967935156121846e-15
7.13769850895600879e+12 1.00819999999999989e-02 3.61035030656810000e-15
7.18796399141344629e+12 1.02244999999999975e-02 3.66137936019693958e-15
7.23822947387088184e+12 1.03679999999999987e-02 3.71276651244773483e-15
7.28849495632831836e+12 1.05124999999999993e-02 3.76451176332048652e-15
7.33876043878575586e+12 1.06579999999999991e-02 3.81661511281519704e-15
7.38902592124319238e+12 1.08044999999999981e-02 3.86907656093186164e-15
7.43929140370062891e+12 1.09519999999999982e-02 3.92189610767048507e-15
7.48955688615806543e+12 1.11004999999999993e-02 3.97507375303106416e-15
7.53982236861550293e+12 1.12499999999999996e-02 4.02860949701360128e-15
7.59008785107293848e+12 1.14004999999999992e-02 4.08250333961809406e-15
7.64035333353037500e+12 1.15519999999999998e-02 4.13675528084454409e-15
7.69061881598781250e+12 1.17044999999999996e-02 4.19136532069294978e-15
7.74088429844524902e+12 1.18580000000000005e-02 4.24633345916331350e-15
7.79114978090268555e+12 1.20125000000000006e-02 4.30165969625563368e-15
7.84141526336012207e+12 1.21680000000000000e-02 4.35734403196990952e-15
7.89168074581755957e+12 1.23245000000000004e-02 4.41338646630614418e-15
7.94194622827499609e+12 1.24820000000000000e-02 4.46978699926433450e-15
7.99221171073243262e+12 1.26405000000000007e-02 4.52654563084448207e-15
8.04247719318986914e+12 1.28000000000000006e-02 4.58366236104658530e-15
8.09274267564730566e+12 1.29604999999999963e-02 4.64113718987064577e-15
8.14300815810474219e+12 1.31219999999999965e-02 4.69897011731666349e-15
8.19327364056217969e+12 1.32845000000000012e-02 4.75716114338463924e-15
8.24353912301961621e+12 1.34480000000000016e-02 4.81571026807456986e-15
8.29380460547705273e+12 1.36124999999999961e-02 4.87461749138645694e-15
8.34407008793448828e+12 1.37779999999999968e-02 4.93388281332030047e-15
8.39433557039192676e+12 1.39445000000000020e-02 4.99350623387610361e-15
8.44460105284936328e+12 1.41120000000000013e-02 5.05348775305386241e-15
8.49486653530679980e+12 1.42804999999999981e-02 5.11382737085357609e-15
8.54513201776423535e+12 1.44499999999999976e-02 5.17452508727524622e-15
8.59539750022167188e+12 1.46204999999999981e-02 5.23558090231887438e-15
8.64566298267911035e+12 1.47920000000000031e-02 5.29699481598446137e-15
8.69592846513654590e+12 1.49644999999999986e-02 5.35876682827200244e-15
8.74619394759398242e+12 1.51379999999999987e-02 5.42089693918150154e-15
8.79645943005141797e+12 1.53124999999999980e-02 5.48338514871295631e-15
8.84672491250885547e+12 1.54879999999999931e-02 5.54623145686636753e-15
8.89699039496629297e+12 1.56644999999999979e-02 5.60943586364173835e-15
8.94725587742373047e+12 1.58419999999999984e-02 5.67299836903906406e-15
8.99752135988116602e+12 1.60205000000000000e-02 5.73691897305834543e-15
9.04778684233860156e+12 1.61999999999999922e-02 5.80119767569958483e-15
9.09805232479604102e+12 1.63804999999999992e-02 5.86583447696278226e-15
9.14831780725347656e+12 1.65620000000000003e-02 5.93082937684793378e-15
9.19858328971091211e+12 1.67444999999999990e-02 5.99618237535504411e-15
9.24884877216834961e+12 1.69279999999999951e-02 6.06189347248410933e-15
9.29911425462578516e+12 1.71124999999999958e-02 6.12796266823513178e-15
9.34937973708322266e+12 1.72980000000000009e-02 6.19438996260811306e-15
9.39964521954066016e+12 1.74845000000000000e-02 6.26117535560304842e-15
9.44991070199809570e+12 1.76720000000000002e-02 6.32831884721994261e-15
9.50017618445553320e+12 1.78604999999999944e-02 6.39582043745879167e-15
9.55044166691297070e+12 1.80500000000000001e-02 6.46368012631960033e-15
9.60070714937040625e+12 1.82404999999999998e-02 6.53189791380236309e-15
9.65097263182784375e+12 1.84320000000000005e-02 6.60047379990708308e-15
9.70123811428527930e+12 1.86244999999999952e-02 6.66940778463376032e-15
9.75150359674271484e+12 1.88179999999999945e-02 6.73869986798239323e-15
9.80176907920015430e+12 1.90125000000000016e-02 6.80835004995298732e-15
9.85203456165758984e+12 1.92080000000000028e-02 6.87835833054553392e-15
9.90230004411502539e+12 1.94044999999999947e-02 6.94872470976003776e-15
9.95256552657246289e+12 1.96019999999999979e-02 7.01944918759649805e-15
1.00028310090299004e+13 1.98005000000000021e-02 7.09053176405491717e-15
1.00530964914873359e+13 2.00000000000000039e-02 7.16197243913529116e-15
1.01033619739447734e+13 2.02004999999999962e-02 7.23377121283762160e-15
1.01536274564022090e+13 2.04019999999999965e-02 7.30592808516191008e-15
1.02038929388596465e+13 2.06044999999999978e-02 7.37844305610815343e-15
1.02541584213170840e+13 2.08080000000000036e-02 7.45131612567635639e-15
1.03044239037745195e+13 2.10124999999999965e-02 7.52454729386651422e-15
1.03546893862319570e+13 2.12179999999999973e-02 7.59813656067862851e-15
1.04049548686893926e+13 2.14244999999999991e-02 7.67208392611270083e-15
1.04552203511468301e+13 2.16320000000000054e-02 7.74638939016873118e-15
1.05054858336042676e+13 2.18404999999999988e-02 7.82105295284671641e-15
1.05557513160617031e+13 2.20499999999999967e-02 7.89607461414665967e-15
1.06060167985191387e+13 2.22604999999999990e-02 7.97145437406855622e-15
1.06562822809765762e+13 2.24719999999999920e-02 8.04719223261241081e-15
1.07065477634340137e+13 2.26844999999999998e-02 8.12328818977822501e-15
1.07568132458914512e+13 2.28979999999999982e-02 8.19974224556599408e-15
1.08070787283488867e+13 2.31124999999999976e-02 8.27655439997571961e-15
1.08573442108063223e+13 2.33279999999999946e-02 8.35372465300740316e-15
1.09076096932637598e+13 2.35444999999999925e-02 8.43125300466104159e-15
1.09578751757211973e+13 2.37619999999999984e-02 8.50913945493663963e-15
1.10081406581786328e+13 2.39804999999999983e-02 8.58738400383419097e-15
1.10584061406360703e+13 2.41999999999999958e-02 8.66598665135370034e-15
1.11086716230935059e+13 2.44204999999999943e-02 8.74494739749516617e-15
1.11589371055509434e+13 2.46420000000000007e-02 8.82426624225859160e-15
1.12092025880083809e+13 2.48645000000000012e-02 8.90394318564397191e-15
1.12594680704658164e+13 2.50879999999999957e-02 8.98397822765130867e-15
1.13097335529232539e+13 2.53124999999999947e-02 9.06437136828060031e-15
1.13599990353806895e+13 2.55379999999999947e-02 9.14512260753184998e-15
1.14102645178381270e+13 2.57645000000000027e-02 9.22623194540506083e-15
1.14605300002955645e+13 2.59919999999999943e-02 9.30769938190022341e-15
1.15107954827530000e+13 2.62204999999999973e-02 9.38952491701734401e-15
1.15610609652104355e+13 2.64499999999999943e-02 9.47170855075642107e-15
1.16113264476678750e+13 2.66805000000000028e-02 9.55425028311745616e-15
1.16615919301253105e+13 2.69120000000000019e-02 9.63715011410044771e-15
1.17118574125827461e+13 2.71444999999999950e-02 9.72040804370539571e-15
1.17621228950401836e+13 2.73779999999999961e-02 9.80402407193229700e-15
1.18123883774976191e+13 2.76124999999999982e-02 9.88799819878115948e-15
1.18626538599550586e+13 2.78480000000000047e-02 9.97233042425198000e-15
1.19129193424124941e+13 2.80844999999999984e-02 1.00570207483447538e-14
1.19631848248699297e+13 2.83219999999999965e-02 1.01420691710594841e-14
1.20134503073273672e+13 2.85604999999999991e-02 1.02274756923961708e-14
1.20637157897848027e+13 2.87999999999999923e-02 1.03132403123548171e-14
1.21139812722422402e+13 2.90404999999999969e-02 1.03993630309354215e-14
1.21642467546996777e+13 2.92819999999999990e-02 1.04858438481379776e-14
1.22145122371571133e+13 2.95244999999999987e-02 1.05726827639624932e-14
1.22647777196145488e+13 2.97679999999999924e-02 1.06598797784089670e-14
1.23150432020719883e+13 3.00124999999999975e-02 1.07474348914773956e-14
1.23653086845294238e+13 3.02580000000000002e-02 1.08353481031677822e-14
1.24155741669868613e+13 3.05045000000000004e-02 1.09236194134801205e-14
1.24658396494442969e+13 3.07519999999999911e-02 1.10122488224144232e-14
1.25161051319017324e+13 3.10004999999999933e-02 1.11012363299706776e-14
1.25663706143591719e+13 3.12500000000000000e-02 1.11905819361488916e-14
1.26166360968166074e+13 3.15005000000000007e-02 1.12802856409490605e-14
1.26669015792740430e+13 3.17520000000000024e-02 1.13703474443711859e-14
1.27171670617314805e+13 3.20044999999999982e-02 1.14607673464152677e-14
1.27674325441889180e+13 3.22580000000000019e-02 1.15515453470813107e-14
1.28176980266463535e+13 3.25124999999999997e-02 1.16426814463693085e-14
1.28679635091037910e+13 3.27679999999999985e-02 1.17341756442792613e-14
1.29182289915612266e+13 3.30244999999999983e-02 1.18260279408111705e-14
1.29684944740186641e+13 3.32819999999999852e-02 1.19182383359650345e-14
1.30187599564761016e+13 3.35405000000000009e-02 1.20108068297408614e-14
1.30690254389335371e+13 3.38000000000000037e-02 1.21037334221386415e-14
1.31192909213909746e+13 3.40605000000000005e-02 1.21970181131583781e-14
1.31695564038484102e+13 3.43219999999999914e-02 1.22906609028000711e-14
1.32198218863058477e+13 3.45845000000000041e-02 1.23846617910637238e-14
1.32700873687632852e+13 3.48480000000000040e-02 1.24790207779493297e-14
1.33203528512207207e+13 3.51125000000000048e-02 1.25737378634568952e-14
1.33706183336781562e+13 3.53779999999999858e-02 1.26688130475864125e-14
1.34208838161355938e+13 3.56444999999999887e-02 1.27642463303378926e-14
1.34711492985930312e+13 3.59120000000000064e-02 1.28600377117113275e-14
1.35214147810504668e+13 3.61805000000000043e-02 1.29561871917067188e-14
1.35716802635079043e+13 3.64499999999999894e-02 1.30526947703240667e-14
1.36219457459653398e+13 3.67204999999999893e-02 1.31495604475633725e-14
1.36722112284227793e+13 3.69920000000000040e-02 1.32467842234246332e-14
1.37224767108802148e+13 3.72645000000000060e-02 1.33443660979078520e-14
1.37727421933376504e+13 3.75379999999999880e-02 1.34423060710130256e-14
1.38230076757950879e+13 3.78124999999999920e-02 1.35406041427401589e-14
1.38732731582525234e+13 3.80879999999999899e-02 1.36392603130892438e-14
1.39235386407099609e+13 3.83645000000000097e-02 1.37382745820602963e-14
1.39738041231673984e+13 3.86419999999999889e-02 1.38376469496532941e-14
1.40240696056248340e+13 3.89204999999999898e-02 1.39373774158682532e-14
1.40743350880822715e+13 3.91999999999999918e-02 1.40374659807051687e-14
1.41246005705397070e+13 3.94804999999999948e-02 1.41379126441640407e-14
1.41748660529971445e+13 3.97619999999999918e-02 1.42387174062448738e-14
1.42251315354545820e+13 4.00444999999999898e-02 1.43398802669476603e-14
1.42753970179120176e+13 4.03279999999999958e-02 1.44414012262724000e-14
1.43256625003694531e+13 4.06124999999999958e-02 1.45432802842190962e-14
1.43759279828268926e+13 4.08979999999999899e-02 1.46455174407877583e-14
1.44261934652843281e+13 4.11844999999999919e-02 1.47481126959783706e-14
1.44764589477417637e+13 4.14719999999999950e-02 1.48510660497909393e-14
1.45267244301992012e+13 4.17604999999999921e-02 1.49543775022254645e-14
1.45769899126566367e+13 4.20499999999999971e-02 1.50580470532819461e-14
1.46272553951140742e+13 4.23404999999999962e-02 1.51620747029603905e-14
1.46775208775715117e+13 4.26319999999999963e-02 1.52664604512607882e-14
1.47277863600289473e+13 4.29244999999999974e-02 1.53712042981831391e-14
1.47780518424863848e+13 4.32179999999999925e-02 1.54763062437274466e-14
1.48283173249438223e+13 4.35124999999999956e-02 1.55817662878937168e-14
1.48785828074012578e+13 4.38079999999999928e-02 1.56875844306819403e-14
1.49288482898586953e+13 4.41044999999999979e-02 1.57937606720921202e-14
1.49791137723161309e+13 4.44019999999999970e-02 1.59002950121242566e-14
1.50293792547735664e+13 4.47004999999999972e-02 1.60071874507783526e-14
1.50796447372310059e+13 4.49999999999999983e-02 1.61144379880544051e-14
1.51299102196884414e+13 4.53004999999999936e-02 1.62220466239524109e-14
1.51801757021458770e+13 4.56019999999999967e-02 1.63300133584723762e-14
1.52304411846033145e+13 4.59045000000000009e-02 1.64383381916142918e-14
1.52807066670607500e+13 4.62079999999999991e-02 1.65470211233781763e-14
1.53309721495181895e+13 4.65124999999999983e-02 1.66560621537640079e-14
1.53812376319756250e+13 4.68179999999999985e-02 1.67654612827717991e-14
1.54315031144330605e+13 4.71244999999999997e-02 1.68752185104015499e-14
1.54817685968904980e+13 4.74320000000000019e-02 1.69853338366532540e-14
1.55320340793479355e+13 4.77404999999999982e-02 1.70958072615269209e-14
1.55822995618053711e+13 4.80500000000000024e-02 1.72066387850225347e-14
1.56325650442628086e+13 4.83605000000000007e-02 1.73178284071401082e-14
1.56828305267202441e+13 4.86720000000000000e-02 1.74293761278796381e-14
1.57330960091776816e+13 4.89844999999999794e-02 1.75412819472411307e-14
1.57833614916351191e+13 4.92980000000000015e-02 1.76535458652245767e-14
1.58336269740925547e+13 4.96125000000000038e-02 1.77661678818299823e-14
1.58838924565499922e+13 4.99280000000000002e-02 1.78791479970573380e-14
1.59341579390074277e+13 5.02444999999999836e-02 1.79924862109066533e-14
1.59844234214648652e+13 5.05620000000000028e-02 1.81061825233779283e-14
1.60346889039223027e+13 5.08805000000000021e-02 1.82202369344711565e-14
1.60849543863797383e+13 5.12000000000000025e-02 1.83346494441863412e-14
1.61352198688371758e+13 5.15205000000000038e-02 1.84494200525234887e-14
1.61854853512946113e+13 5.18419999999999853e-02 1.85645487594825831e-14
1.62357508337520488e+13 5.21645000000000025e-02 1.86800355650636435e-14
1.62860163162094844e+13 5.24879999999999861e-02 1.87958804692666540e-14
1.63362817986669219e+13 5.28124999999999845e-02 1.89120834720916272e-14
1.63865472811243594e+13 5.31380000000000047e-02 1.90286445735385569e-14
1.64368127635817949e+13 5.34644999999999843e-02 1.91455637736074337e-14
1.64870782460392324e+13 5.37920000000000065e-02 1.92628410722982794e-14
1.65373437284966660e+13 5.41204999999999881e-02 1.93804764696110722e-14
1.65876092109541055e+13 5.44499999999999845e-02 1.94984699655458277e-14
1.66378746934115430e+13 5.47805000000000028e-02 1.96168215601025397e-14
1.66881401758689766e+13 5.51119999999999874e-02 1.97355312532812019e-14
1.67384056583264160e+13 5.54445000000000077e-02 1.98545990450818331e-14
1.67886711407838535e+13 5.57780000000000081e-02 1.99740249355044144e-14
1.68389366232412871e+13 5.61124999999999888e-02 2.00938089245489491e-14
1.68892021056987266e+13 5.64480000000000051e-02 2.02139510122154496e-14
1.69394675881561602e+13 5.67844999999999878e-02 2.03344511985038940e-14
1.69897330706135996e+13 5.71219999999999922e-02 2.04553094834143044e-14
1.70399985530710371e+13 5.74605000000000046e-02 2.05765258669466743e-14
1.70902640355284707e+13 5.77999999999999903e-02 2.06981003491009849e-14
1.71405295179859102e+13 5.81405000000000116e-02 2.08200329298772740e-14
1.71907950004433438e+13 5.84819999999999923e-02 2.09423236092754975e-14
1.72410604829007812e+13 5.88244999999999879e-02 2.10649723872956964e-14
1.72913259653582207e+13 5.91680000000000123e-02 2.11879792639378455e-14
1.73415914478156543e+13 5.95124999999999890e-02 2.13113442392019447e-14
1.73918569302730918e+13 5.98579999999999945e-02 2.14350673130880098e-14
1.74421224127305273e+13 6.02044999999999941e-02 2.15591484855960282e-14
1.74923878951879648e+13 6.05519999999999947e-02 2.16835877567260062e-14
1.75426533776454023e+13 6.09005000000000102e-02 2.18083851264779406e-14
1.75929188601028359e+13 6.12499999999999920e-02 2.19335405948518252e-14
1.76431843425602773e+13 6.16004999999999955e-02 2.20590541618476757e-14
1.76934498250177109e+13 6.19519999999999724e-02 2.21849258274654701e-14
1.77437153074751484e+13 6.23044999999999918e-02 2.23111555917052335e-14
1.77939807899325859e+13 6.26579999999999915e-02 2.24377434545669534e-14
1.78442462723900195e+13 6.30124999999999991e-02 2.25646894160506234e-14
1.78945117548474609e+13 6.33679999999999938e-02 2.26919934761562562e-14
1.79447772373048984e+13 6.37245000000000172e-02 2.28196556348838455e-14
1.79950427197623320e+13 6.40820000000000001e-02 2.29476758922333817e-14
1.80453082022197695e+13 6.44404999999999978e-02 2.30760542482048839e-14
1.80955736846772031e+13 6.47999999999999687e-02 2.32047907027983393e-14
1.81458391671346406e+13 6.51604999999999962e-02 2.33338852560137544e-14
1.81961046495920820e+13 6.55219999999999969e-02 2.34633379078511290e-14
1.82463701320495156e+13 6.58844999999999986e-02 2.35931486583104507e-14
1.82966356145069531e+13 6.62480000000000013e-02 2.37233175073917351e-14
1.83469010969643867e+13 6.66124999999999773e-02 2.38538444550949760e-14
1.83971665794218242e+13 6.69779999999999959e-02 2.39847295014201765e-14
1.84474320618792617e+13 6.73445000000000016e-02 2.41159726463673334e-14
1.84976975443366992e+13 6.77119999999999805e-02 2.42475738899364373e-14
1.85479630267941367e+13 6.80805000000000021e-02 2.43795332321275072e-14
1.85982285092515703e+13 6.84499999999999831e-02 2.45118506729405271e-14
1.86484939917090078e+13 6.88204999999999928e-02 2.46445262123755130e-14
1.86987594741664453e+13 6.91920000000000035e-02 2.47775598504324522e-14
1.87490249566238828e+13 6.95644999999999736e-02 2.49109515871113447e-14
1.87992904390813203e+13 6.99380000000000002e-02 2.50447014224121937e-14
1.88495559215387578e+13 7.03125000000000000e-02 2.51788093563350117e-14
1.88998214039961914e+13 7.06880000000000008e-02 2.53132753888797704e-14
1.89500868864536289e+13 7.10645000000000027e-02 2.54480995200464950e-14
1.90003523689110664e+13 7.14419999999999777e-02 2.55832817498351667e-14
1.90506178513685039e+13 7.18204999999999955e-02 2.57188220782458073e-14
1.91008833338259414e+13 7.22000000000000003e-02 2.58547205052784013e-14
1.91511488162833750e+13 7.25804999999999784e-02 2.59909770309329423e-14
1.92014142987408125e+13 7.29619999999999991e-02 2.61275916552094523e-14
1.92516797811982461e+13 7.33444999999999792e-02 2.62645643781079125e-14
1.93019452636556875e+13 7.37280000000000019e-02 2.64018951996283323e-14
1.93522107461131250e+13 7.41124999999999978e-02 2.65395841197707181e-14
1.94024762285705586e+13 7.44979999999999809e-02 2.66776311385350413e-14
1.94527417110279961e+13 7.48845000000000066e-02 2.68160362559213336e-14
1.95030071934854297e+13 7.52719999999999778e-02 2.69547994719295729e-14
1.95532726759428711e+13 7.56604999999999778e-02 2.70939207865597813e-14
1.96035381584003086e+13 7.60500000000000065e-02 2.72334001998119493e-14
1.96538036408577422e+13 7.64404999999999807e-02 2.73732377116860548e-14
1.97040691233151797e+13 7.68320000000000114e-02 2.75134333221821357e-14
1.97543346057726133e+13 7.72244999999999876e-02 2.76539870313001572e-14
1.98046000882300508e+13 7.76179999999999787e-02 2.77948988390401510e-14
1.98548655706874922e+13 7.80125000000000124e-02 2.79361687454020950e-14
1.99051310531449258e+13 7.84079999999999916e-02 2.80777967503859922e-14
1.99553965356023633e+13 7.88044999999999857e-02 2.82197828539918522e-14
2.00056620180598008e+13 7.92020000000000085e-02 2.83621270562196687e-14
2.00559275005172344e+13 7.96004999999999907e-02 2.85048293570694384e-14
2.01061929829746719e+13 8.00000000000000155e-02 2.86478897565411646e-14
2.01564584654321094e+13 8.04004999999999859e-02 2.87913082546348410e-14
2.02067239478895469e+13 8.08019999999999849e-02 2.89350848513504864e-14
2.02569894303469844e+13 8.12045000000000128e-02 2.90792195466880883e-14
2.03072549128044180e+13 8.16079999999999861e-02 2.92237123406476403e-14
2.03575203952618555e+13 8.20124999999999882e-02 2.93685632332291488e-14
2.04077858777192930e+13 8.24179999999999913e-02 2.95137722244326137e-14
2.04580513601767305e+13 8.28244999999999953e-02 2.96593393142580414e-14
2.05083168426341680e+13 8.32320000000000143e-02 2.98052645027054255e-14
2.05585823250916016e+13 8.36404999999999926e-02 2.99515477897747598e-14
2.06088478075490391e+13 8.40499999999999858e-02 3.00981891754660569e-14
2.06591132900064766e+13 8.44604999999999939e-02 3.02451886597793041e-14
2.07093787724639141e+13 8.48719999999999891e-02 3.03925462427145140e-14
2.07596442549213516e+13 8.52844999999999853e-02 3.05402619242716868e-14
2.08099097373787852e+13 8.56979999999999964e-02 3.06883357044508033e-14
2.08601752198362227e+13 8.61124999999999946e-02 3.08367675832518826e-14
2.09104407022936602e+13 8.65280000000000216e-02 3.09855575606749247e-14
2.09607061847510977e+13 8.69444999999999940e-02 3.11347056367199106e-14
2.10109716672085352e+13 8.73619999999999952e-02 3.12842118113868656e-14
2.10612371496659688e+13 8.77804999999999974e-02 3.14340760846757708e-14
2.11115026321234062e+13 8.81999999999999867e-02 3.15842984565866387e-14
2.11617681145808438e+13 8.86205000000000187e-02 3.17348789271194504e-14
2.12120335970382773e+13 8.90419999999999962e-02 3.18858174962742249e-14
2.12622990794957188e+13 8.94644999999999885e-02 3.20371141640509558e-14
2.13125645619531523e+13 8.98879999999999679e-02 3.21887689304496432e-14
2.13628300444105898e+13 9.03124999999999900e-02 3.23407817954702997e-14
2.14130955268680273e+13 9.07379999999999992e-02 3.24931527591129000e-14
2.14633610093254609e+13 9.11644999999999955e-02 3.26458818213774568e-14
2.15136264917829023e+13 9.15919999999999929e-02 3.27989689822639763e-14
2.15638919742403359e+13 9.20204999999999773e-02 3.29524142417724460e-14
2.16141574566977734e+13 9.24499999999999905e-02 3.31062175999028784e-14
2.16644229391552109e+13 9.28804999999999908e-02 3.32603790566552673e-14
2.17146884216126445e+13 9.33119999999999783e-02 3.34148986120296126e-14
2.17649539040700820e+13 9.37444999999999945e-02 3.35697762660259081e-14
2.18152193865275195e+13 9.41779999999999701e-02 3.37250120186441664e-14
2.18654848689849570e+13 9.46125000000000022e-02 3.38806058698843811e-14
2.19157503514423945e+13 9.50479999999999936e-02 3.40365578197465585e-14
2.19660158338998281e+13 9.54844999999999722e-02 3.41928678682306735e-14
2.20162813163572656e+13 9.59219999999999934e-02 3.43495360153367639e-14
2.20665467988147070e+13 9.63605000000000017e-02 3.45065622610648233e-14
2.21168122812721406e+13 9.67999999999999833e-02 3.46639466054148014e-14
2.21670777637295781e+13 9.72405000000000075e-02 3.48216890483867611e-14
2.22173432461870117e+13 9.76819999999999772e-02 3.49797895899806647e-14
2.22676087286444492e+13 9.81245000000000034e-02 3.51382482301965373e-14
2.23178742111018867e+13 9.85680000000000028e-02 3.52970649690343664e-14
2.23681396935593242e+13 9.90124999999999755e-02 3.54562398064941393e-14
2.24184051760167617e+13 9.94580000000000047e-02 3.56157727425758876e-14
2.24686706584741953e+13 9.99044999999999794e-02 3.57756637772795798e-14
2.25189361409316328e+13 1.00351999999999983e-01 3.59359129106052347e-14
2.25692016233890703e+13 1.00800500000000001e-01 3.60965201425528397e-14
2.26194671058465078e+13 1.01249999999999979e-01 3.62574854731224012e-14
2.26697325883039453e+13 1.01700499999999999e-01 3.64188089023139381e-14
2.27199980707613789e+13 1.02151999999999979e-01 3.65804904301273999e-14
2.27702635532188164e+13 1.02604499999999987e-01 3.67425300565628434e-14
2.28205290356762539e+13 1.03058000000000011e-01 3.69049277816202433e-14
2.28707945181336875e+13 1.03512499999999980e-01 3.70676836052995808e-14
2.29210600005911289e+13 1.03967999999999977e-01 3.72307975276008936e-14
2.29713254830485625e+13 1.04424499999999976e-01 3.73942695485241440e-14
2.30215909655060000e+13 1.04881999999999989e-01 3.75580996680693760e-14
2.30718564479634375e+13 1.05340500000000004e-01 3.77222878862365583e-14
2.31221219304208711e+13 1.05799999999999977e-01 3.78868342030256843e-14
2.31723874128783125e+13 1.06260499999999980e-01 3.80517386184367731e-14
2.32226528953357500e+13 1.06722000000000011e-01 3.82170011324698247e-14
2.32729183777931836e+13 1.07184499999999988e-01 3.83826217451248200e-14
2.33231838602506211e+13 1.07648000000000008e-01 3.85486004564017908e-14
2.33734493427080547e+13 1.08112499999999986e-01 3.87149372663006991e-14
2.34237148251654922e+13 1.08577999999999980e-01 3.88816321748215828e-14
2.34739803076229336e+13 1.09044500000000016e-01 3.90486851819644103e-14
2.35242457900803672e+13 1.09511999999999984e-01 3.92160962877291880e-14
2.35745112725378047e+13 1.09980499999999981e-01 3.93838654921159347e-14
2.36247767549952383e+13 1.10449999999999993e-01 3.95519927951246379e-14
2.36750422374526758e+13 1.10920499999999991e-01 3.97204781967552976e-14
2.37253077199101172e+13 1.11392000000000019e-01 3.98893216970079200e-14
2.37755732023675508e+13 1.11864499999999992e-01 4.00585232958824799e-14
2.38258386848249883e+13 1.12337999999999993e-01 4.02280829933790152e-14
2.38761041672824219e+13 1.12812499999999968e-01 4.03980007894974944e-14
2.39263696497398594e+13 1.13287999999999986e-01 4.05682766842379363e-14
2.39766351321972969e+13 1.13764499999999991e-01 4.07389106776003410e-14
2.40269006146547344e+13 1.14241999999999996e-01 4.09099027695846832e-14
2.40771660971121719e+13 1.14720499999999989e-01 4.10812529601910071e-14
2.41274315795696055e+13 1.15199999999999969e-01 4.12529612494192685e-14
2.41776970620270430e+13 1.15680499999999992e-01 4.14250276372694990e-14
2.42279625444844805e+13 1.16161999999999987e-01 4.15974521237416859e-14
2.42782280269419180e+13 1.16644499999999970e-01 4.17702347088358104e-14
2.43284935093993555e+13 1.17127999999999996e-01 4.19433753925519102e-14
2.43787589918567930e+13 1.17612499999999995e-01 4.21168741748899728e-14
2.44290244743142266e+13 1.18097999999999995e-01 4.22907310558499730e-14
2.44792899567716641e+13 1.18584499999999995e-01 4.24649460354319422e-14
2.45295554392290977e+13 1.19071999999999970e-01 4.26395191136358679e-14
2.45798209216865391e+13 1.19560500000000000e-01 4.28144502904617374e-14
2.46300864041439766e+13 1.20049999999999990e-01 4.29897395659095822e-14
2.46803518866014102e+13 1.20540499999999967e-01 4.31653869399793646e-14
2.47306173690588477e+13 1.21032000000000001e-01 4.33413924126711287e-14
2.47808828515162812e+13 1.21524499999999966e-01 4.35177559839848177e-14
2.48311483339737227e+13 1.22018000000000001e-01 4.36944776539204821e-14
2.48814138164311602e+13 1.22512499999999996e-01 4.38715574224781219e-14
2.49316792988885938e+13 1.23007999999999965e-01 4.40489952896576929e-14
2.49819447813460312e+13 1.23504500000000003e-01 4.42267912554592266e-14
2.50322102638034648e+13 1.24001999999999973e-01 4.44049453198827105e-14
2.50824757462609023e+13 1.24500500000000000e-01 4.45834574829281572e-14
2.51327412287183438e+13 1.25000000000000000e-01 4.47623277445955666e-14
2.51830067111757773e+13 1.25500499999999987e-01 4.49415561048849261e-14
2.52332721936332148e+13 1.26002000000000003e-01 4.51211425637962421e-14
2.52835376760906523e+13 1.26504499999999992e-01 4.53010871213295272e-14
2.53338031585480859e+13 1.27008000000000010e-01 4.54813897774847435e-14
2.53840686410055273e+13 1.27512500000000001e-01 4.56620505322619415e-14
2.54343341234629609e+13 1.28017999999999993e-01 4.58430693856610707e-14
2.54845996059203984e+13 1.28524500000000014e-01 4.60244463376821816e-14
2.55348650883778359e+13 1.29032000000000008e-01 4.62061813883252427e-14
2.55851305708352695e+13 1.29540500000000003e-01 4.63882745375902476e-14
2.56353960532927070e+13 1.30049999999999999e-01 4.65707257854772341e-14
2.56856615357501445e+13 1.30560499999999940e-01 4.67535351319861456e-14
2.57359270182075820e+13 1.31071999999999994e-01 4.69367025771170451e-14
2.57861925006650195e+13 1.31584499999999993e-01 4.71202281208698947e-14
2.58364579831224531e+13 1.32097999999999993e-01 4.73041117632446818e-14
2.58867234655798906e+13 1.32612499999999994e-01 4.74883535042414381e-14
2.59369889480373281e+13 1.33127999999999941e-01 4.76729533438601381e-14
2.59872544304947656e+13 1.33644499999999999e-01 4.78579112821008199e-14
2.60375199129522031e+13 1.34162000000000003e-01 4.80432273189634454e-14
2.60877853954096367e+13 1.34680499999999953e-01 4.82289014544480212e-14
2.61380508778670742e+13 1.35200000000000015e-01 4.84149336885545660e-14
2.61883163603245078e+13 1.35720499999999938e-01 4.86013240212830546e-14
2.62385818427819492e+13 1.36242000000000002e-01 4.87880724526335123e-14
2.62888473252393867e+13 1.36764500000000011e-01 4.89751789826059264e-14
2.63391128076968203e+13 1.37287999999999966e-01 4.91626436112002844e-14
2.63893782901542578e+13 1.37812500000000004e-01 4.93504663384166115e-14
2.64396437726116953e+13 1.38338000000000017e-01 4.95386471642548950e-14
2.64899092550691328e+13 1.38864499999999946e-01 4.97271860887151224e-14
2.65401747375265703e+13 1.39392000000000016e-01 4.99160831117973188e-14
2.65904402199840039e+13 1.39920499999999948e-01 5.01053382335014653e-14
2.66407057024414414e+13 1.40450000000000019e-01 5.02949514538275810e-14
2.66909711848988789e+13 1.40980500000000009e-01 5.04849227727756405e-14
2.67412366673563125e+13 1.41511999999999943e-01 5.06752521903456501e-14
2.67915021498137539e+13 1.42044500000000018e-01 5.08659397065376414e-14
2.68417676322711875e+13 1.42577999999999955e-01 5.10569853213515702e-14
2.68920331147286250e+13 1.43112499999999948e-01 5.12483890347874681e-14
2.69422985971860625e+13 1.43648000000000026e-01 5.14401508468453099e-14
2.69925640796434961e+13 1.44184499999999965e-01 5.16322707575251144e-14
2.70428295621009336e+13 1.44722000000000017e-01 5.18247487668268753e-14
2.70930950445583711e+13 1.45260499999999959e-01 5.20175848747505864e-14
2.71433605270158086e+13 1.45799999999999957e-01 5.22107790812962666e-14
2.71936260094732461e+13 1.46340500000000012e-01 5.24043313864639032e-14
2.72438914919306797e+13 1.46881999999999957e-01 5.25982417902534900e-14
2.72941569743881172e+13 1.47424500000000014e-01 5.27925102926650395e-14
2.73444224568455586e+13 1.47968000000000016e-01 5.29871368936985329e-14
2.73946879393029922e+13 1.48512499999999964e-01 5.31821215933539890e-14
2.74449534217604297e+13 1.49058000000000024e-01 5.33774643916314079e-14
2.74952189042178633e+13 1.49604499999999974e-01 5.35731652885307770e-14
2.75454843866753008e+13 1.50151999999999952e-01 5.37692242840521025e-14
2.75957498691327383e+13 1.50700500000000015e-01 5.39656413781953970e-14
2.76460153515901758e+13 1.51249999999999968e-01 5.41624165709606354e-14
2.76962808340476133e+13 1.51800500000000033e-01 5.43595498623478366e-14
2.77465463165050469e+13 1.52351999999999960e-01 5.45570412523569753e-14
2.77968117989624844e+13 1.52904499999999971e-01 5.47548907409881020e-14
2.78470772814199219e+13 1.53458000000000039e-01 5.49530983282411851e-14
2.78973427638773594e+13 1.54012499999999969e-01 5.51516640141161932e-14
2.79476082463347969e+13 1.54567999999999955e-01 5.53505877986131766e-14
2.79978737287922305e+13 1.55124499999999971e-01 5.55498696817321102e-14
2.80481392112496680e+13 1.55681999999999959e-01 5.57495096634730128e-14
2.80984046937071055e+13 1.56240500000000032e-01 5.59495077438358719e-14
2.81486701761645430e+13 1.56799999999999967e-01 5.61498639228206748e-14
2.81989356586219805e+13 1.57360499999999959e-01 5.63505782004274405e-14
2.82492011410794141e+13 1.57921999999999979e-01 5.65516505766561627e-14
2.82994666235368516e+13 1.58484499999999973e-01 5.67530810515068476e-14
2.83497321059942891e+13 1.59047999999999967e-01 5.69548696249794953e-14
2.83999975884517227e+13 1.59612499999999963e-01 5.71570162970740742e-14
2.84502630709091641e+13 1.60177999999999959e-01 5.73595210677906411e-14
2.85005285533666016e+13 1.60744500000000040e-01 5.75623839371291455e-14
2.85507940358240352e+13 1.61311999999999983e-01 5.77656049050896001e-14
2.86010595182814727e+13 1.61880499999999983e-01 5.79691839716720174e-14
2.86513250007389062e+13 1.62449999999999983e-01 5.81731211368763848e-14
2.87015904831963438e+13 1.63020499999999985e-01 5.83774164007027277e-14
2.87518559656537852e+13 1.63591999999999960e-01 5.85820697631510333e-14
2.88021214481112188e+13 1.64164499999999963e-01 5.87870812242212638e-14
2.88523869305686562e+13 1.64737999999999968e-01 5.89924507839134824e-14
2.89026524130260898e+13 1.65312499999999973e-01 5.91981784422276258e-14
2.89529178954835273e+13 1.65887999999999980e-01 5.94042641991637572e-14
2.90031833779409688e+13 1.66464499999999987e-01 5.96107080547218388e-14
2.90534488603984023e+13 1.67041999999999968e-01 5.98175100089018579e-14
2.91037143428558398e+13 1.67620499999999978e-01 6.00246700617038524e-14
2.91539798253132734e+13 1.68199999999999988e-01 6.02321882131277844e-14
2.92042453077707109e+13 1.68780499999999972e-01 6.04400644631736918e-14
2.92545107902281484e+13 1.69361999999999985e-01 6.06482988118415619e-14
2.93047762726855859e+13 1.69944499999999971e-01 6.08568912591313570e-14
2.93550417551430234e+13 1.70527999999999985e-01 6.10658418050431526e-14
2.94053072376004570e+13 1.71112499999999973e-01 6.12751504495768732e-14
2.94555727200578945e+13 1.71697999999999990e-01 6.14848171927325566e-14
2.95058382025153320e+13 1.72284499999999979e-01 6.16948420345102027e-14
2.95561036849727695e+13 1.72871999999999970e-01 6.19052249749097863e-14
2.96063691674302070e+13 1.73460499999999990e-01 6.21159660139313453e-14
2.96566346498876445e+13 1.74049999999999983e-01 6.23270651515748671e-14
2.97069001323450781e+13 1.74640499999999976e-01 6.25385223878403264e-14
2.97571656148025156e+13 1.75231999999999971e-01 6.27503377227277611e-14
2.98074310972599531e+13 1.75824499999999995e-01 6.29625111562371333e-14
2.98576965797173906e+13 1.76417999999999991e-01 6.31750426883684809e-14
2.99079620621748281e+13 1.77012499999999989e-01 6.33879323191217912e-14
2.99582275446322617e+13 1.77607999999999988e-01 6.36011800484970265e-14
3.00084930270896992e+13 1.78204499999999988e-01 6.38147858764942371e-14
3.00587585095471328e+13 1.78801999999999989e-01 6.40287498031134106e-14
3.01090239920045742e+13 1.79400499999999991e-01 6.42430718283545341e-14
3.01592894744620117e+13 1.79999999999999993e-01 6.44577519522176204e-14
3.02095549569194453e+13 1.80600499999999997e-01 6.46727901747026569e-14
3.02598204393768828e+13 1.81201999999999974e-01 6.48881864958096435e-14
3.03100859218343164e+13 1.81804499999999980e-01 6.51039409155385928e-14
3.03603514042917539e+13 1.82407999999999987e-01 6.53200534338895050e-14
3.04106168867491953e+13 1.83012499999999995e-01 6.55365240508623799e-14
3.04608823692066289e+13 1.83618000000000003e-01 6.57533527664571670e-14
3.05111478516640664e+13 1.84224499999999985e-01 6.59705395806739548e-14
3.05614133341215000e+13 1.84831999999999996e-01 6.61880844935127054e-14
3.06116788165789375e+13 1.85440499999999980e-01 6.64059875049733808e-14
3.06619442990363789e+13 1.86049999999999993e-01 6.66242486150560317e-14
3.07122097814938125e+13 1.86660499999999979e-01 6.68428678237606453e-14
3.07624752639512500e+13 1.87271999999999994e-01 6.70618451310871964e-14
3.08127407464086875e+13 1.87884499999999982e-01 6.72811805370357103e-14
3.08630062288661211e+13 1.88497999999999999e-01 6.75008740416061996e-14
3.09132717113235586e+13 1.89112499999999989e-01 6.77209256447986391e-14
3.09635371937809961e+13 1.89728000000000008e-01 6.79413353466130160e-14
3.10138026762384336e+13 1.90344500000000000e-01 6.81621031470493431e-14
3.10640681586958711e+13 1.90961999999999993e-01 6.83832290461076834e-14
3.11143336411533047e+13 1.91580499999999987e-01 6.86047130437879234e-14
3.11645991236107422e+13 1.92200000000000010e-01 6.88265551400901388e-14
3.12148646060681797e+13 1.92820500000000006e-01 6.90487553350143170e-14
3.12651300885256172e+13 1.93442000000000003e-01 6.92713136285604326e-14
3.13153955709830547e+13 1.94064500000000001e-01 6.94942300207285363e-14
3.13656610534404883e+13 1.94688000000000000e-01 6.97175045115185523e-14
3.14159265358979258e+13 1.95312500000000000e-01 6.99411371009305688e-14
3.14661920183553633e+13 1.95937999999999918e-01 7.01651277889645229e-14
3.15164575008128008e+13 1.96564500000000003e-01 7.03894765756204398e-14
3.15667229832702383e+13 1.97192000000000006e-01 7.06141834608983068e-14
3.16169884657276719e+13 1.97820500000000010e-01 7.08392484447981240e-14
3.16672539481851094e+13 1.98450000000000015e-01 7.10646715273199291e-14
3.17175194306425469e+13 1.99080499999999994e-01 7.12904527084636592e-14
3.17677849130999844e+13 1.99712000000000001e-01 7.15165919882293520e-14
3.18180503955574219e+13 2.00344500000000009e-01 7.17430893666170076e-14
3.18683158780148555e+13 2.00977999999999934e-01 7.19699448436266133e-14
3.19185813604722930e+13 2.01612500000000000e-01 7.21971584192581944e-14
3.19688468429297305e+13 2.02248000000000011e-01 7.24247300935117131e-14
3.20191123253871641e+13 2.02884499999999995e-01 7.26526598663871819e-14
3.20693778078446055e+13 2.03522000000000008e-01 7.28809477378846260e-14
3.21196432903020391e+13 2.04160499999999939e-01 7.31095937080040203e-14
3.21699087727594766e+13 2.04800000000000010e-01 7.33385977767453648e-14
3.22201742552169141e+13 2.05440499999999998e-01 7.35679599441086846e-14
3.22704397376743516e+13 2.06082000000000015e-01 7.37976802100939546e-14
3.23207052201317852e+13 2.06724499999999950e-01 7.40277585747011621e-14
3.23709707025892227e+13 2.07367999999999941e-01 7.42581950379303324e-14
3.24212361850466602e+13 2.08012500000000017e-01 7.44889895997814654e-14
3.24715016675040977e+13 2.08658000000000010e-01 7.47201422602545738e-14
3.25217671499615352e+13 2.09304500000000004e-01 7.49516530193496324e-14
3.25720326324189688e+13 2.09951999999999944e-01 7.51835218770666158e-14
3.26222981148764062e+13 2.10600499999999941e-01 7.54157488334055873e-14
3.26725635973338438e+13 2.11249999999999938e-01 7.56483338883665089e-14
3.27228290797912812e+13 2.11900500000000019e-01 7.58812770419493807e-14
3.27730945622487188e+13 2.12552000000000019e-01 7.61145782941542278e-14
3.28233600447061484e+13 2.13204499999999936e-01 7.63482376449809746e-14
3.28736255271635898e+13 2.13857999999999937e-01 7.65822550944297346e-14
3.29238910096210273e+13 2.14512499999999939e-01 7.68166306425004448e-14
3.29741564920784648e+13 2.15168000000000026e-01 7.70513642891931178e-14
3.30244219745359023e+13 2.15824500000000030e-01 7.72864560345077409e-14
3.30746874569933320e+13 2.16481999999999952e-01 7.75219058784442888e-14
3.31249529394507695e+13 2.17140499999999959e-01 7.77577138210028122e-14
3.31752184219082109e+13 2.17799999999999938e-01 7.79938798621833110e-14
3.32254839043656484e+13 2.18460500000000030e-01 7.82304040019857725e-14
3.32757493868230859e+13 2.19122000000000011e-01 7.84672862404101589e-14
3.33260148692805234e+13 2.19784500000000022e-01 7.87045265774565208e-14
3.33762803517379531e+13 2.20447999999999950e-01 7.89421250131248075e-14
3.34265458341953945e+13 2.21112499999999962e-01 7.91800815474150948e-14
3.34768113166528320e+13 2.21778000000000031e-01 7.94183961803273323e-14
3.35270767991102695e+13 2.22444500000000017e-01 7.96570689118615199e-14
3.35773422815677070e+13 2.23112000000000033e-01 7.98960997420176577e-14
3.36276077640251367e+13 2.23780499999999966e-01 8.01354886707957456e-14
3.36778732464825742e+13 2.24449999999999955e-01 8.03752356981957963e-14
3.37281387289400156e+13 2.25120499999999946e-01 8.06153408242178097e-14
3.37784042113974531e+13 2.25792000000000020e-01 8.08558040488617985e-14
3.38286696938548906e+13 2.26464500000000041e-01 8.10966253721277123e-14
3.38789351763123203e+13 2.27137999999999951e-01 8.13378047940155761e-14
3.39292006587697578e+13 2.27812499999999946e-01 8.15793423145254154e-14
3.39794661412271992e+13 2.28487999999999969e-01 8.18212379336572174e-14
3.40297316236846367e+13 2.29164500000000021e-01 8.20634916514109696e-14
3.40799971061420742e+13 2.29842000000000019e-01 8.23061034677866971e-14
3.41302625885995039e+13 2.30520499999999962e-01 8.25490733827843243e-14
3.41805280710569414e+13 2.31199999999999961e-01 8.27924013964039395e-14
3.42307935535143789e+13 2.31880499999999962e-01 8.30360875086455427e-14
3.42810590359718203e+13 2.32562000000000046e-01 8.32801317195090961e-14
3.43313245184292578e+13 2.33244500000000049e-01 8.35245340289945744e-14
3.43815900008866875e+13 2.33927999999999969e-01 8.37692944371019901e-14
3.44318554833441250e+13 2.34612499999999974e-01 8.40144129438314192e-14
3.44821209658015625e+13 2.35297999999999952e-01 8.42598895491827857e-14
3.45323864482590000e+13 2.35984499999999958e-01 8.45057242531561024e-14
3.45826519307164414e+13 2.36672000000000049e-01 8.47519170557513819e-14
3.46329174131738711e+13 2.37360499999999974e-01 8.49984679569685736e-14
3.46831828956313086e+13 2.38049999999999956e-01 8.52453769568077786e-14
3.47334483780887461e+13 2.38740499999999967e-01 8.54926440552689337e-14
3.47837138605461836e+13 2.39431999999999978e-01 8.57402692523520390e-14
3.48339793430036250e+13 2.40124500000000046e-01 8.59882525480571070e-14
3.48842448254610547e+13 2.40817999999999977e-01 8.62365939423841126e-14
3.49345103079184922e+13 2.41512499999999963e-01 8.64852934353330683e-14
3.49847757903759297e+13 2.42207999999999979e-01 8.67343510269040246e-14
3.50350412728333672e+13 2.42904499999999968e-01 8.69837667170969185e-14
3.50853067552908047e+13 2.43602000000000041e-01 8.72335405059117625e-14
3.51355722377482383e+13 2.44300499999999976e-01 8.74836723933485314e-14
3.51858377202056719e+13 2.44999999999999968e-01 8.77341623794073009e-14
3.52361032026631172e+13 2.45700499999999961e-01 8.79850104640880206e-14
3.52863686851205547e+13 2.46401999999999982e-01 8.82362166473907030e-14
3.53366341675779922e+13 2.47104499999999977e-01 8.84877809293153229e-14
3.53868996500354219e+13 2.47807999999999889e-01 8.87397033098618804e-14
3.54371651324928594e+13 2.48512499999999970e-01 8.89919837890304385e-14
3.54874306149502969e+13 2.49217999999999967e-01 8.92446223668209341e-14
3.55376960974077344e+13 2.49924499999999966e-01 8.94976190432333925e-14
3.55879615798651719e+13 2.50631999999999966e-01 8.97509738182678137e-14
3.56382270623226094e+13 2.51340500000000078e-01 9.00046866919241850e-14
3.56884925447800391e+13 2.52049999999999996e-01 9.02587576642024938e-14
3.57387580272374766e+13 2.52760499999999999e-01 9.05131867351027780e-14
3.57890235096949219e+13 2.53471999999999975e-01 9.07679739046250249e-14
3.58392889921523594e+13 2.54184499999999980e-01 9.10231191727692220e-14
3.58895544746097969e+13 2.54898000000000069e-01 9.12786225395353819e-14
3.59398199570672266e+13 2.55612499999999965e-01 9.15344840049234541e-14
3.59900854395246641e+13 2.56328000000000000e-01 9.17907035689335268e-14
3.60403509219821016e+13 2.57044499999999954e-01 9.20472812315655750e-14
3.60906164044395391e+13 2.57761999999999991e-01 9.23042169928195354e-14
3.61408818868969766e+13 2.58480500000000057e-01 9.25615108526954965e-14
3.61911473693544062e+13 2.59199999999999875e-01 9.28191628111933572e-14
3.62414128518118438e+13 2.59920499999999999e-01 9.30771728683132060e-14
3.62916783342692812e+13 2.60641999999999985e-01 9.33355410240550175e-14
3.63419438167267266e+13 2.61364500000000000e-01 9.35942672784187791e-14
3.63922092991841641e+13 2.62087999999999988e-01 9.38533516314045161e-14
3.64424747816415938e+13 2.62812499999999893e-01 9.41127940830121528e-14
3.64927402640990312e+13 2.63537999999999994e-01 9.43725946332418028e-14
3.65430057465564688e+13 2.64264499999999958e-01 9.46327532820933902e-14
3.65932712290139062e+13 2.64992000000000005e-01 9.48932700295669404e-14
3.66435367114713438e+13 2.65720499999999971e-01 9.51541448756624660e-14
3.66938021939287734e+13 2.66449999999999909e-01 9.54153778203799039e-14
3.67440676763862109e+13 2.67180499999999987e-01 9.56769688637193172e-14
3.67943331588436484e+13 2.67911999999999983e-01 9.59389180056807058e-14
3.68445986413010859e+13 2.68644500000000008e-01 9.62012252462640446e-14
3.68948641237585234e+13 2.69378000000000006e-01 9.64638905854693336e-14
3.69451296062159609e+13 2.70112499999999922e-01 9.67269140232965474e-14
3.69953950886733984e+13 2.70847999999999922e-01 9.69902955597457493e-14
3.70456605711308359e+13 2.71584500000000006e-01 9.72540351948169012e-14
3.70959260535882734e+13 2.72322000000000009e-01 9.75181329285100286e-14
3.71461915360457109e+13 2.73060499999999984e-01 9.77825887608251188e-14
3.71964570185031406e+13 2.73799999999999932e-01 9.80474026917621086e-14
3.72467225009605781e+13 2.74540499999999910e-01 9.83125747213210990e-14
3.72969879834180156e+13 2.75281999999999971e-01 9.85781048495020522e-14
3.73472534658754531e+13 2.76024500000000006e-01 9.88439930763049555e-14
3.73975189483328906e+13 2.76768000000000014e-01 9.91102394017298090e-14
3.74477844307903281e+13 2.77512499999999940e-01 9.93768438257766000e-14
3.74980499132477656e+13 2.78257999999999894e-01 9.96438063484453790e-14
3.75483153957052031e+13 2.79004499999999989e-01 9.99111269697361081e-14
3.75985808781626406e+13 2.79752000000000001e-01 1.00178805689648775e-13
3.76488463606200781e+13 2.80500499999999986e-01 1.00446842508183417e-13
3.76991118430775156e+13 2.81250000000000000e-01 1.00715237425340047e-13
3.77493773255349453e+13 2.82000499999999932e-01 1.00983990441118551e-13
3.77996428079923828e+13 2.82752000000000003e-01 1.01253101555519082e-13
3.78499082904498203e+13 2.83504499999999993e-01 1.01522570768541550e-13
3.79001737729072578e+13 2.84258000000000011e-01 1.01792398080185980e-13
3.79504392553646953e+13 2.85012500000000002e-01 1.02062583490452348e-13
3.80007047378221328e+13 2.85767999999999911e-01 1.02333126999340667e-13
3.80509702202795703e+13 2.86524499999999904e-01 1.02604028606850973e-13
3.81012357027370078e+13 2.87281999999999982e-01 1.02875288312983229e-13
3.81515011851944453e+13 2.88040500000000033e-01 1.03146906117737449e-13
3.82017666676518828e+13 2.88800000000000001e-01 1.03418882021113605e-13
3.82520321501093125e+13 2.89560499999999943e-01 1.03691216023111700e-13
3.83022976325667500e+13 2.90321999999999913e-01 1.03963908123731769e-13
3.83525631150241875e+13 2.91084500000000024e-01 1.04236958322973827e-13
3.84028285974816250e+13 2.91847999999999996e-01 1.04510366620837809e-13
3.84530940799390625e+13 2.92612499999999998e-01 1.04784133017323767e-13
3.85033595623964922e+13 2.93377999999999917e-01 1.05058257512431650e-13
3.85536250448539375e+13 2.94144499999999920e-01 1.05332740106161508e-13
3.86038905273113750e+13 2.94912000000000007e-01 1.05607580798513329e-13
3.86541560097688125e+13 2.95680500000000013e-01 1.05882779589487126e-13
3.87044214922262500e+13 2.96449999999999991e-01 1.06158336479082872e-13
3.87546869746836797e+13 2.97220499999999943e-01 1.06434251467300518e-13
3.88049524571411172e+13 2.97991999999999924e-01 1.06710524554140165e-13
3.88552179395985547e+13 2.98764499999999933e-01 1.06987155739601762e-13
3.89054834220559922e+13 2.99538000000000026e-01 1.07264145023685334e-13
3.89557489045134297e+13 3.00312500000000038e-01 1.07541492406390869e-13
3.90060143869708594e+13 3.01087999999999911e-01 1.07819197887718292e-13
3.90562798694282969e+13 3.01864499999999925e-01 1.08097261467667740e-13
3.91065453518857422e+13 3.02641999999999911e-01 1.08375683146239125e-13
3.91568108343431797e+13 3.03420500000000037e-01 1.08654462923432473e-13
3.92070763168006172e+13 3.04200000000000026e-01 1.08933600799247797e-13
3.92573417992580469e+13 3.04980499999999932e-01 1.09213096773684983e-13
3.93076072817154844e+13 3.05761999999999923e-01 1.09492950846744219e-13
3.93578727641729219e+13 3.06544499999999942e-01 1.09773163018425406e-13
3.94081382466303594e+13 3.07328000000000046e-01 1.10053733288728543e-13
3.94584037290877969e+13 3.08112500000000011e-01 1.10334661657653617e-13
3.95086692115452266e+13 3.08897999999999950e-01 1.10615948125200629e-13
3.95589346940026641e+13 3.09684499999999918e-01 1.10897592691369629e-13
3.96092001764601016e+13 3.10471999999999915e-01 1.11179595356160604e-13
3.96594656589175391e+13 3.11260500000000051e-01 1.11461956119573504e-13
3.97097311413749844e+13 3.12050000000000050e-01 1.11744674981608380e-13
3.97599966238324219e+13 3.12840500000000021e-01 1.12027751942265218e-13
3.98102621062898516e+13 3.13631999999999966e-01 1.12311187001543969e-13
3.98605275887472891e+13 3.14424499999999940e-01 1.12594980159444695e-13
3.99107930712047266e+13 3.15217999999999943e-01 1.12879131415967409e-13
3.99610585536621641e+13 3.16012500000000029e-01 1.13163640771112048e-13
4.00113240361196016e+13 3.16808000000000034e-01 1.13448508224878675e-13
4.00615895185770312e+13 3.17604499999999956e-01 1.13733733777267214e-13
4.01118550010344688e+13 3.18401999999999963e-01 1.14019317428277754e-13
4.01621204834919062e+13 3.19200499999999943e-01 1.14305259177910218e-13
4.02123859659493438e+13 3.20000000000000062e-01 1.14591559026164659e-13
4.02626514484067891e+13 3.20800500000000044e-01 1.14878216973041074e-13
4.03129169308642188e+13 3.21601999999999943e-01 1.15165233018539364e-13
4.03631824133216562e+13 3.22404499999999927e-01 1.15452607162659680e-13
4.04134478957790938e+13 3.23207999999999940e-01 1.15740339405401946e-13
4.04637133782365312e+13 3.24012500000000037e-01 1.16028429746766187e-13
4.05139788606939688e+13 3.24818000000000051e-01 1.16316878186752353e-13
4.05642443431513984e+13 3.25624499999999928e-01 1.16605684725360469e-13
4.06145098256088359e+13 3.26431999999999944e-01 1.16894849362590561e-13
4.06647753080662734e+13 3.27240499999999934e-01 1.17184372098442603e-13
4.07150407905237109e+13 3.28049999999999953e-01 1.17474252932916595e-13
4.07653062729811484e+13 3.28860500000000056e-01 1.17764491866012563e-13
4.08155717554385859e+13 3.29671999999999965e-01 1.18055088897730455e-13
4.08658372378960234e+13 3.30484499999999959e-01 1.18346044028070348e-13
4.09161027203534609e+13 3.31297999999999981e-01 1.18637357257032166e-13
4.09663682028108984e+13 3.32112499999999977e-01 1.18929028584615959e-13
4.10166336852683359e+13 3.32928000000000057e-01 1.19221058010821702e-13
4.10668991677257656e+13 3.33744499999999944e-01 1.19513445535649370e-13
4.11171646501832031e+13 3.34561999999999971e-01 1.19806191159099039e-13
4.11674301326406406e+13 3.35380499999999970e-01 1.20099294881170684e-13
4.12176956150980781e+13 3.36199999999999943e-01 1.20392756701864228e-13
4.12679610975555156e+13 3.37020500000000056e-01 1.20686576621179772e-13
4.13182265800129531e+13 3.37841999999999976e-01 1.20980754639117216e-13
4.13684920624703906e+13 3.38664499999999979e-01 1.21275290755676661e-13
4.14187575449278281e+13 3.39487999999999956e-01 1.21570184970858056e-13
4.14690230273852656e+13 3.40312499999999962e-01 1.21865437284661427e-13
4.15192885098427031e+13 3.41137999999999941e-01 1.22161047697086747e-13
4.15695539923001328e+13 3.41964499999999894e-01 1.22457016208133993e-13
4.16198194747575703e+13 3.42791999999999986e-01 1.22753342817803213e-13
4.16700849572150078e+13 3.43620499999999940e-01 1.23050027526094410e-13
4.17203504396724453e+13 3.44449999999999978e-01 1.23347070333007531e-13
4.17706159221298828e+13 3.45280499999999990e-01 1.23644471238542652e-13
4.18208814045873203e+13 3.46112000000000086e-01 1.23942230242699699e-13
4.18711468870447578e+13 3.46944499999999989e-01 1.24240347345478670e-13
4.19214123695021953e+13 3.47777999999999976e-01 1.24538822546879643e-13
4.19716778519596328e+13 3.48612499999999992e-01 1.24837655846902565e-13
4.20219433344170703e+13 3.49447999999999981e-01 1.25136847245547463e-13
4.20722088168745078e+13 3.50284500000000054e-01 1.25436396742814285e-13
4.21224742993319375e+13 3.51121999999999990e-01 1.25736304338703083e-13
4.21727397817893750e+13 3.51960499999999954e-01 1.26036570033213806e-13
4.22230052642468125e+13 3.52799999999999947e-01 1.26337193826346555e-13
4.22732707467042500e+13 3.53640499999999969e-01 1.26638175718101203e-13
4.23235362291616875e+13 3.54482000000000075e-01 1.26939515708477802e-13
4.23738017116191172e+13 3.55324499999999877e-01 1.27241213797476376e-13
4.24240671940765547e+13 3.56167999999999985e-01 1.27543269985096900e-13
4.24743326765340000e+13 3.57012499999999955e-01 1.27845684271339374e-13
4.25245981589914375e+13 3.57857999999999954e-01 1.28148456656203823e-13
4.25748636414488750e+13 3.58704499999999982e-01 1.28451587139690274e-13
4.26251291239063047e+13 3.59551999999999872e-01 1.28755075721798573e-13
4.26753946063637422e+13 3.60400499999999957e-01 1.29058922402528923e-13
4.27256600888211797e+13 3.61249999999999960e-01 1.29363127181881199e-13
4.27759255712786172e+13 3.62100499999999992e-01 1.29667690059855424e-13
4.28261910537360547e+13 3.62951999999999997e-01 1.29972611036451600e-13
4.28764565361934844e+13 3.63804499999999864e-01 1.30277890111669726e-13
4.29267220186509219e+13 3.64657999999999982e-01 1.30583527285509827e-13
4.29769875011083594e+13 3.65512499999999962e-01 1.30889522557971879e-13
4.30272529835658047e+13 3.66367999999999971e-01 1.31195875929055905e-13
4.30775184660232422e+13 3.67224500000000009e-01 1.31502587398761857e-13
4.31277839484806719e+13 3.68081999999999909e-01 1.31809656967089784e-13
4.31780494309381094e+13 3.68940499999999894e-01 1.32117084634039661e-13
4.32283149133955469e+13 3.69799999999999962e-01 1.32424870399611514e-13
4.32785803958529844e+13 3.70660500000000004e-01 1.32733014263805316e-13
4.33288458783104219e+13 3.71521999999999963e-01 1.33041516226621069e-13
4.33791113607678516e+13 3.72384499999999896e-01 1.33350376288058772e-13
4.34293768432252891e+13 3.73247999999999913e-01 1.33659594448118451e-13
4.34796423256827266e+13 3.74112500000000014e-01 1.33969170706800079e-13
4.35299078081401641e+13 3.74977999999999978e-01 1.34279105064103633e-13
4.35801732905976094e+13 3.75844499999999970e-01 1.34589397520029212e-13
4.36304387730550391e+13 3.76711999999999880e-01 1.34900048074576665e-13
4.36807042555124766e+13 3.77580499999999875e-01 1.35211056727746095e-13
4.37309697379699141e+13 3.78450000000000009e-01 1.35522423479537524e-13
4.37812352204273516e+13 3.79320500000000005e-01 1.35834148329950904e-13
4.38315007028847891e+13 3.80191999999999974e-01 1.36146231278986234e-13
4.38817661853422188e+13 3.81064499999999917e-01 1.36458672326643464e-13
4.39320316677996562e+13 3.81937999999999889e-01 1.36771471472922694e-13
4.39822971502570938e+13 3.82812500000000000e-01 1.37084628717823925e-13
4.40325626327145312e+13 3.83687999999999974e-01 1.37398144061347056e-13
4.40828281151719688e+13 3.84564499999999976e-01 1.37712017503492162e-13
4.41330935976294141e+13 3.85442000000000007e-01 1.38026249044259293e-13
4.41833590800868438e+13 3.86320499999999900e-01 1.38340838683648224e-13
4.42336245625442812e+13 3.87199999999999933e-01 1.38655786421659206e-13
4.42838900450017188e+13 3.88080499999999995e-01 1.38971092258292163e-13
4.43341555274591562e+13 3.88962000000000030e-01 1.39286756193547044e-13
4.43844210099165938e+13 3.89844499999999983e-01 1.39602778227423902e-13
4.44346864923740234e+13 3.90727999999999909e-01 1.39919158359922659e-13
4.44849519748314609e+13 3.91612499999999919e-01 1.40235896591043442e-13
4.45352174572888984e+13 3.92498000000000014e-01 1.40552992920786149e-13
4.45854829397463359e+13 3.93384500000000026e-01 1.40870447349150832e-13
4.46357484222037734e+13 3.94272000000000011e-01 1.41188259876137466e-13
4.46860139046612109e+13 3.95160499999999915e-01 1.41506430501745999e-13
4.47362793871186484e+13 3.96049999999999902e-01 1.41824959225976557e-13
4.47865448695760859e+13 3.96940500000000029e-01 1.42143846048829066e-13
4.48368103520335234e+13 3.97832000000000019e-01 1.42463090970303551e-13
4.48870758344909609e+13 3.98724500000000037e-01 1.42782693990399985e-13
4.49373413169483906e+13 3.99617999999999918e-01 1.43102655109118319e-13
4.49876067994058281e+13 4.00512499999999938e-01 1.43422974326458654e-13
4.50378722818632656e+13 4.01407999999999932e-01 1.43743651642420939e-13
4.50881377643207031e+13 4.02304500000000009e-01 1.44064687057005174e-13
4.51384032467781406e+13 4.03202000000000005e-01 1.44386080570211359e-13
4.51886687292355781e+13 4.04100499999999918e-01 1.44707832182039494e-13
4.52389342116930156e+13 4.04999999999999916e-01 1.45029941892489605e-13
4.52891996941504531e+13 4.05900499999999942e-01 1.45352409701561691e-13
4.53394651766078906e+13 4.06801999999999997e-01 1.45675235609255752e-13
4.53897306590653281e+13 4.07704500000000025e-01 1.45998419615571688e-13
4.54399961415227578e+13 4.08607999999999916e-01 1.46321961720509600e-13
4.54902616239801953e+13 4.09512499999999946e-01 1.46645861924069512e-13
4.55405271064376328e+13 4.10417999999999950e-01 1.46970120226251374e-13
4.55907925888950703e+13 4.11324500000000037e-01 1.47294736627055186e-13
4.56410580713525078e+13 4.12232000000000043e-01 1.47619711126480973e-13
4.56913235538099375e+13 4.13140499999999911e-01 1.47945043724528635e-13
4.57415890362673750e+13 4.14049999999999918e-01 1.48270734421198323e-13
4.57918545187248203e+13 4.14960499999999954e-01 1.48596783216489986e-13
4.58421200011822578e+13 4.15871999999999908e-01 1.48923190110403574e-13
4.58923854836396953e+13 4.16784500000000058e-01 1.49249955102939163e-13
4.59426509660971250e+13 4.17697999999999903e-01 1.49577078194096576e-13
4.59929164485545625e+13 4.18612499999999943e-01 1.49904559383876065e-13
4.60431819310120000e+13 4.19527999999999957e-01 1.50232398672277504e-13
4.60934474134694375e+13 4.20444499999999943e-01 1.50560596059300868e-13
4.61437128959268750e+13 4.21362000000000014e-01 1.50889151544946233e-13
4.61939783783843125e+13 4.22280500000000059e-01 1.51218065129213523e-13
4.62442438608417422e+13 4.23199999999999910e-01 1.51547336812102737e-13
4.62945093432991797e+13 4.24120499999999956e-01 1.51876966593613902e-13
4.63447748257566250e+13 4.25041999999999920e-01 1.52206954473747092e-13
4.63950403082140625e+13 4.25964500000000024e-01 1.52537300452502258e-13
4.64453057906715000e+13 4.26888000000000045e-01 1.52868004529879299e-13
4.64955712731289297e+13 4.27812499999999929e-01 1.53199066705878289e-13
4.65458367555863672e+13 4.28737999999999952e-01 1.53530486980499280e-13
4.65961022380438047e+13 4.29664499999999949e-01 1.53862265353742272e-13
4.66463677205012422e+13 4.30592000000000030e-01 1.54194401825607163e-13
4.66966332029586797e+13 4.31520500000000029e-01 1.54526896396094030e-13
4.67468986854161094e+13 4.32449999999999946e-01 1.54859749065202797e-13
4.67971641678735469e+13 4.33380499999999946e-01 1.55192959832933564e-13
4.68474296503309844e+13 4.34311999999999920e-01 1.55526528699286331e-13
4.68976951327884297e+13 4.35244499999999923e-01 1.55860455664261024e-13
4.69479606152458672e+13 4.36178000000000066e-01 1.56194740727857641e-13
4.69982260977032969e+13 4.37112499999999959e-01 1.56529383890076184e-13
4.70484915801607344e+13 4.38047999999999937e-01 1.56864385150916752e-13
4.70987570626181719e+13 4.38984499999999944e-01 1.57199744510379321e-13
4.71490225450756094e+13 4.39921999999999924e-01 1.57535461968463739e-13
4.71992880275330469e+13 4.40860500000000044e-01 1.57871537525170208e-13
4.72495535099904766e+13 4.41799999999999971e-01 1.58207971180498552e-13
4.72998189924479141e+13 4.42740499999999926e-01 1.58544762934448921e-13
4.73500844749053516e+13 4.43681999999999965e-01 1.58881912787021190e-13
4.74003499573627891e+13 4.44624499999999978e-01 1.59219420738215435e-13
4.74506154398202344e+13 4.45568000000000075e-01 1.59557286788031680e-13
4.75008809222776641e+13 4.46512499999999979e-01 1.59895510936469825e-13
4.75511464047351016e+13 4.47457999999999967e-01 1.60234093183529920e-13
4.76014118871925391e+13 4.48404499999999928e-01 1.60573033529212040e-13
4.76516773696499766e+13 4.49351999999999974e-01 1.60912331973516061e-13
4.77019428521074141e+13 4.50300499999999937e-01 1.61251988516442032e-13
4.77522083345648438e+13 4.51249999999999873e-01 1.61592003157989978e-13
4.78024738170222812e+13 4.52200499999999950e-01 1.61932375898159874e-13
4.78527392994797188e+13 4.53151999999999944e-01 1.62273106736951745e-13
4.79030047819371562e+13 4.54104499999999967e-01 1.62614195674365617e-13
4.79532702643945938e+13 4.55057999999999963e-01 1.62955642710401364e-13
4.80035357468520312e+13 4.56012499999999876e-01 1.63297447845059061e-13
4.80538012293094688e+13 4.56967999999999985e-01 1.63639611078338733e-13
4.81040667117669062e+13 4.57924499999999957e-01 1.63982132410240431e-13
4.81543321942243438e+13 4.58881999999999957e-01 1.64325011840764028e-13
4.82045976766817812e+13 4.59840499999999985e-01 1.64668249369909576e-13
4.82548631591392109e+13 4.60799999999999876e-01 1.65011844997677074e-13
4.83051286415966484e+13 4.61760499999999963e-01 1.65355798724066522e-13
4.83553941240540859e+13 4.62721999999999967e-01 1.65700110549077996e-13
4.84056596065115234e+13 4.63684499999999944e-01 1.66044780472711369e-13
4.84559250889689609e+13 4.64647999999999950e-01 1.66389808494966744e-13
4.85061905714263984e+13 4.65612500000000096e-01 1.66735194615844043e-13
4.85564560538838359e+13 4.66577999999999882e-01 1.67080938835343242e-13
4.86067215363412734e+13 4.67544499999999974e-01 1.67427041153464491e-13
4.86569870187987109e+13 4.68511999999999984e-01 1.67773501570207641e-13
4.87072525012561484e+13 4.69480499999999967e-01 1.68120320085572816e-13
4.87575179837135859e+13 4.70449999999999979e-01 1.68467496699559891e-13
4.88077834661710156e+13 4.71420499999999854e-01 1.68815031412168917e-13
4.88580489486284531e+13 4.72391999999999979e-01 1.69162924223399892e-13
4.89083144310858906e+13 4.73364499999999966e-01 1.69511175133252868e-13
4.89585799135433281e+13 4.74337999999999982e-01 1.69859784141727769e-13
4.90088453960007656e+13 4.75312499999999971e-01 1.70208751248824645e-13
4.90591108784581953e+13 4.76287999999999878e-01 1.70558076454543471e-13
4.91093763609156406e+13 4.77264499999999980e-01 1.70907759758884223e-13
4.91596418433730781e+13 4.78242000000000000e-01 1.71257801161846949e-13
4.92099073258305156e+13 4.79220499999999994e-01 1.71608200663431651e-13
4.92601728082879531e+13 4.80199999999999960e-01 1.71958958263638329e-13
4.93104382907453828e+13 4.81180499999999900e-01 1.72310073962466931e-13
4.93607037732028203e+13 4.82161999999999868e-01 1.72661547759917459e-13
4.94109692556602578e+13 4.83144499999999977e-01 1.73013379655990037e-13
4.94612347381176953e+13 4.84128000000000003e-01 1.73365569650684515e-13
4.95115002205751328e+13 4.85112500000000002e-01 1.73718117744000968e-13
4.95617657030325625e+13 4.86097999999999864e-01 1.74071023935939271e-13
4.96120311854900000e+13 4.87084499999999865e-01 1.74424288226499650e-13
4.96622966679474453e+13 4.88072000000000006e-01 1.74777910615681928e-13
4.97125621504048828e+13 4.89060500000000009e-01 1.75131891103486208e-13
4.97628276328623203e+13 4.90049999999999986e-01 1.75486229689912488e-13
4.98130931153197500e+13 4.91040499999999880e-01 1.75840926374960591e-13
4.98633585977771875e+13 4.92031999999999858e-01 1.76195981158630772e-13
4.99136240802346250e+13 4.93024499999999977e-01 1.76551394040922851e-13
4.99638895626920625e+13 4.94018000000000013e-01 1.76907165021836906e-13
5.00141550451495000e+13 4.95012500000000022e-01 1.77263294101372937e-13
5.00644205276069297e+13 4.96007999999999893e-01 1.77619781279530842e-13
5.01146860100643672e+13 4.97004499999999905e-01 1.77976626556310748e-13
5.01649514925218047e+13 4.98002000000000000e-01 1.78333829931712629e-13
5.02152169749792500e+13 4.99000500000000013e-01 1.78691391405736460e-13
5.02654824574366875e+13 5.00000000000000000e-01 1.79049310978382266e-13
