# Synthetic Debye; axis unit and DOS unit recorded in material_results.json
0.00000000000000000e+00 0.00000000000000000e+00 0.00000000000000000e+00
5.30085611999999938e-24 4.99999999999999977e-07 1.69783895209742100e+15
1.06017122399999988e-23 1.99999999999999991e-06 6.79135580838968400e+15
1.59025683599999981e-23 4.50000000000000011e-06 1.52805505688767860e+16
2.12034244799999975e-23 7.99999999999999964e-06 2.71654232335587360e+16
2.65042805999999969e-23 1.25000000000000006e-05 4.24459738024355120e+16
3.18051367199999963e-23 1.80000000000000005e-05 6.11222022755071440e+16
3.71059928399999957e-23 2.44999999999999958e-05 8.31941086527736160e+16
4.24068489599999951e-23 3.19999999999999986e-05 1.08661692934234944e+17
4.77077050799999944e-23 4.04999999999999951e-05 1.37524955119891088e+17
5.30085611999999938e-23 5.00000000000000024e-05 1.69783895209742048e+17
5.83094173199999873e-23 6.04999999999999730e-05 2.05438513203787872e+17
6.36102734399999926e-23 7.20000000000000018e-05 2.44488809102028576e+17
6.89111295599999978e-23 8.45000000000000211e-05 2.86934782904464160e+17
7.42119856799999914e-23 9.79999999999999833e-05 3.32776434611094464e+17
7.95128417999999849e-23 1.12499999999999970e-04 3.82013764221919616e+17
8.48136979199999901e-23 1.27999999999999994e-04 4.34646771736939776e+17
9.01145540399999954e-23 1.44500000000000016e-04 4.90675457156154624e+17
9.54154101599999889e-23 1.61999999999999980e-04 5.50099820479564352e+17
1.00716266279999982e-22 1.80499999999999996e-04 6.12919861707168896e+17
1.06017122399999988e-22 2.00000000000000010e-04 6.79135580838968192e+17
1.11317978519999993e-22 2.20500000000000020e-04 7.48746977874962816e+17
1.16618834639999975e-22 2.41999999999999892e-04 8.21754052815151488e+17
1.21919690759999980e-22 2.64499999999999924e-04 8.98156805659535488e+17
1.27220546879999985e-22 2.88000000000000007e-04 9.77955236408114304e+17
1.32521402999999990e-22 3.12500000000000061e-04 1.06114934506088806e+18
1.37822259119999996e-22 3.38000000000000084e-04 1.14773913161785664e+18
1.43123115239999977e-22 3.64499999999999915e-04 1.23772459607901978e+18
1.48423971359999983e-22 3.91999999999999933e-04 1.33110573844437786e+18
1.53724827479999988e-22 4.20500000000000030e-04 1.42788255871393101e+18
1.59025683599999970e-22 4.49999999999999879e-04 1.52805505688767846e+18
1.64326539719999975e-22 4.80499999999999862e-04 1.63162323296562150e+18
1.69627395839999980e-22 5.11999999999999977e-04 1.73858708694775910e+18
1.74928251959999985e-22 5.44500000000000062e-04 1.84894661883409126e+18
1.80229108079999991e-22 5.78000000000000063e-04 1.96270182862461850e+18
1.85529964199999973e-22 6.12499999999999872e-04 2.07985271631934029e+18
1.90830820319999978e-22 6.47999999999999922e-04 2.20039928191825741e+18
1.96131676439999983e-22 6.84499999999999887e-04 2.32434152542136883e+18
2.01432532559999965e-22 7.21999999999999986e-04 2.45167944682867558e+18
2.06733388679999970e-22 7.60500000000000000e-04 2.58241304614017638e+18
2.12034244799999975e-22 8.00000000000000038e-04 2.71654232335587277e+18
2.17335100919999981e-22 8.40500000000000101e-04 2.85406727847576474e+18
2.22635957039999986e-22 8.82000000000000080e-04 2.99498791149985126e+18
2.27936813159999991e-22 9.24500000000000191e-04 3.13930422242813133e+18
2.33237669279999949e-22 9.67999999999999568e-04 3.28701621126060595e+18
2.38538525399999955e-22 1.01249999999999951e-03 3.43812387799727667e+18
2.43839381519999960e-22 1.05799999999999970e-03 3.59262722263814195e+18
2.49140237639999965e-22 1.10450000000000001e-03 3.75052624518320230e+18
2.54441093759999970e-22 1.15200000000000003e-03 3.91182094563245722e+18
2.59741949879999976e-22 1.20050000000000018e-03 4.07651132398590771e+18
2.65042805999999981e-22 1.25000000000000024e-03 4.24459738024355226e+18
2.70343662119999986e-22 1.30050000000000022e-03 4.41607911440539187e+18
2.75644518239999991e-22 1.35200000000000034e-03 4.59095652647142656e+18
2.80945374359999950e-22 1.40449999999999950e-03 4.76922961644165427e+18
2.86246230479999955e-22 1.45799999999999966e-03 4.95089838431607910e+18
2.91547086599999960e-22 1.51249999999999974e-03 5.13596283009469747e+18
2.96847942719999965e-22 1.56799999999999973e-03 5.32442295377751142e+18
3.02148798839999971e-22 1.62449999999999964e-03 5.51627875536451994e+18
3.07449654959999976e-22 1.68200000000000012e-03 5.71153023485572403e+18
3.12750511079999981e-22 1.74050000000000029e-03 5.91017739225112269e+18
3.18051367199999939e-22 1.79999999999999952e-03 6.11222022755071386e+18
3.23352223319999945e-22 1.86049999999999952e-03 6.31765874075450266e+18
3.28653079439999950e-22 1.92199999999999945e-03 6.52649293186248602e+18
3.33953935559999955e-22 1.98450000000000015e-03 6.73872280087466189e+18
3.39254791679999960e-22 2.04799999999999991e-03 6.95434834779103642e+18
3.44555647799999966e-22 2.11250000000000023e-03 7.17336957261160346e+18
3.49856503919999971e-22 2.17800000000000025e-03 7.39578647533636506e+18
3.55157360039999976e-22 2.24450000000000040e-03 7.62159905596532224e+18
3.60458216159999982e-22 2.31200000000000025e-03 7.85080731449847398e+18
3.65759072279999940e-22 2.38049999999999937e-03 8.08341125093581824e+18
3.71059928399999945e-22 2.44999999999999949e-03 8.31941086527736115e+18
3.76360784519999950e-22 2.52049999999999974e-03 8.55880615752309760e+18
3.81661640639999956e-22 2.59199999999999969e-03 8.80159712767302963e+18
3.86962496759999961e-22 2.66449999999999977e-03 9.04778377572715622e+18
3.92263352879999966e-22 2.73799999999999955e-03 9.29736610168547533e+18
3.97564208999999971e-22 2.81249999999999990e-03 9.55034410554799309e+18
4.02865065119999930e-22 2.88799999999999994e-03 9.80671778731470234e+18
4.08165921239999935e-22 2.96450000000000012e-03 1.00664871469856072e+19
4.13466777359999940e-22 3.04200000000000000e-03 1.03296521845607055e+19
4.18767633479999945e-22 3.12050000000000001e-03 1.05962129000400015e+19
4.24068489599999951e-22 3.20000000000000015e-03 1.08661692934234911e+19
4.29369345719999909e-22 3.28049999999999913e-03 1.11395213647111762e+19
4.34670201839999961e-22 3.36200000000000040e-03 1.14162691139030589e+19
4.39971057959999919e-22 3.44449999999999921e-03 1.16964125409991291e+19
4.45271914079999972e-22 3.52800000000000032e-03 1.19799516459994051e+19
4.50572770199999930e-22 3.61249999999999939e-03 1.22668864289038623e+19
4.55873626319999982e-22 3.69800000000000077e-03 1.25572168897125253e+19
4.61174482439999940e-22 3.78449999999999967e-03 1.28509430284253778e+19
4.66475338559999899e-22 3.87199999999999827e-03 1.31480648450424238e+19
4.71776194679999951e-22 3.96049999999999961e-03 1.34485823395636716e+19
4.77077050799999909e-22 4.04999999999999805e-03 1.37524955119891067e+19
4.82377906919999961e-22 4.14050000000000008e-03 1.40598043623187415e+19
4.87678763039999920e-22 4.23199999999999878e-03 1.43705088905525678e+19
4.92979619159999972e-22 4.32450000000000022e-03 1.46846090966905938e+19
4.98280475279999930e-22 4.41800000000000005e-03 1.50021049807328092e+19
5.03581331399999982e-22 4.51250000000000002e-03 1.53229965426792243e+19
5.08882187519999941e-22 4.60800000000000012e-03 1.56472837825298289e+19
5.14183043639999899e-22 4.70449999999999861e-03 1.59749667002846290e+19
5.19483899759999951e-22 4.80200000000000071e-03 1.63060452959436308e+19
5.24784755879999909e-22 4.90049999999999947e-03 1.66405195695068201e+19
5.30085611999999962e-22 5.00000000000000097e-03 1.69783895209742090e+19
5.35386468119999920e-22 5.10049999999999913e-03 1.73196551503457894e+19
5.40687324239999972e-22 5.20200000000000089e-03 1.76643164576215675e+19
5.45988180359999930e-22 5.30449999999999932e-03 1.80123734428015350e+19
5.51289036479999983e-22 5.40800000000000135e-03 1.83638261058857062e+19
5.56589892599999941e-22 5.51249999999999917e-03 1.87186744468740669e+19
5.61890748719999899e-22 5.61799999999999800e-03 1.90769184657666171e+19
5.67191604839999952e-22 5.72449999999999955e-03 1.94385581625633710e+19
5.72492460959999910e-22 5.83199999999999864e-03 1.98035935372643164e+19
5.77793317079999962e-22 5.94049999999999960e-03 2.01720245898694574e+19
5.83094173199999920e-22 6.04999999999999896e-03 2.05438513203787899e+19
5.88395029319999973e-22 6.16050000000000018e-03 2.09190737287923220e+19
5.93695885439999931e-22 6.27199999999999893e-03 2.12976918151100457e+19
5.98996741559999889e-22 6.38449999999999868e-03 2.16797055793319608e+19
6.04297597679999941e-22 6.49799999999999857e-03 2.20651150214580797e+19
6.09598453799999900e-22 6.61249999999999859e-03 2.24539201414883901e+19
6.14899309919999952e-22 6.72800000000000047e-03 2.28461209394228961e+19
6.20200166039999910e-22 6.84449999999999902e-03 2.32417174152615895e+19
6.25501022159999962e-22 6.96200000000000117e-03 2.36407095690044908e+19
6.30801878279999921e-22 7.08049999999999912e-03 2.40430974006515753e+19
6.36102734399999879e-22 7.19999999999999807e-03 2.44488809102028554e+19
6.41403590519999931e-22 7.32049999999999975e-03 2.48580600976583352e+19
6.46704446639999889e-22 7.44199999999999810e-03 2.52706349630180106e+19
6.52005302759999942e-22 7.56450000000000004e-03 2.56866055062818816e+19
6.57306158879999900e-22 7.68799999999999779e-03 2.61059717274499441e+19
6.62607014999999952e-22 7.81250000000000000e-03 2.65287336265222021e+19
6.67907871119999910e-22 7.93800000000000061e-03 2.69548912034986476e+19
6.73208727239999963e-22 8.06450000000000049e-03 2.73844444583793009e+19
6.78509583359999921e-22 8.19199999999999963e-03 2.78173933911641457e+19
6.83810439479999879e-22 8.32049999999999630e-03 2.82537380018531738e+19
6.89111295599999931e-22 8.45000000000000091e-03 2.86934782904464138e+19
6.94412151719999890e-22 8.58049999999999785e-03 2.91366142569438372e+19
6.99713007839999942e-22 8.71200000000000099e-03 2.95831459013454602e+19
7.05013863959999900e-22 8.84449999999999646e-03 3.00330732236512707e+19
7.10314720079999952e-22 8.97800000000000160e-03 3.04863962238612890e+19
7.15615576199999911e-22 9.11249999999999734e-03 3.09431149019754947e+19
7.20916432319999963e-22 9.24800000000000101e-03 3.14032292579938959e+19
7.26217288439999921e-22 9.38449999999999701e-03 3.18667392919164887e+19
7.31518144559999879e-22 9.52199999999999748e-03 3.23336450037432730e+19
7.36819000679999932e-22 9.66049999999999721e-03 3.28039463934742651e+19
7.42119856799999890e-22 9.79999999999999795e-03 3.32776434611094446e+19
7.47420712919999942e-22 9.94049999999999795e-03 3.37547362066488279e+19
7.52721569039999901e-22 1.00819999999999989e-02 3.42352246300923904e+19
7.58022425159999953e-22 1.02244999999999975e-02 3.47191087314401649e+19
7.63323281279999911e-22 1.03679999999999987e-02 3.52063885106921185e+19
7.68624137399999869e-22 1.05124999999999993e-02 3.56970639678482678e+19
7.73924993519999922e-22 1.06579999999999991e-02 3.61911351029086249e+19
7.79225849639999880e-22 1.08044999999999981e-02 3.66886019158731612e+19
7.84526705759999932e-22 1.09519999999999982e-02 3.71894644067419013e+19
7.89827561879999890e-22 1.11004999999999993e-02 3.76937225755148370e+19
7.95128417999999943e-22 1.12499999999999996e-02 3.82013764221919724e+19
8.00429274119999901e-22 1.14004999999999992e-02 3.87124259467732910e+19
8.05730130239999859e-22 1.15519999999999998e-02 3.92268711492588093e+19
8.11030986359999911e-22 1.17044999999999996e-02 3.97447120296485192e+19
8.16331842479999870e-22 1.18580000000000005e-02 4.02659485879424287e+19
8.21632698599999922e-22 1.20125000000000006e-02 4.07905808241405297e+19
8.26933554719999880e-22 1.21680000000000000e-02 4.13186087382428221e+19
8.32234410839999932e-22 1.23245000000000004e-02 4.18500323302493225e+19
8.37535266959999891e-22 1.24820000000000000e-02 4.23848516001600061e+19
8.42836123079999943e-22 1.26405000000000007e-02 4.29230665479748977e+19
8.48136979199999901e-22 1.28000000000000006e-02 4.34646771736939643e+19
8.53437835319999859e-22 1.29604999999999963e-02 4.40096834773172388e+19
8.58738691439999818e-22 1.31219999999999965e-02 4.45580854588447048e+19
8.64039547559999964e-22 1.32845000000000012e-02 4.51098831182763786e+19
8.69340403679999922e-22 1.34480000000000016e-02 4.56650764556122358e+19
8.74641259799999880e-22 1.36124999999999961e-02 4.62236654708522762e+19
8.79942115919999839e-22 1.37779999999999968e-02 4.67856501639965164e+19
8.85242972039999985e-22 1.39445000000000020e-02 4.73510305350449725e+19
8.90543828159999943e-22 1.41120000000000013e-02 4.79198065839976202e+19
8.95844684279999901e-22 1.42804999999999981e-02 4.84919783108544348e+19
9.01145540399999860e-22 1.44499999999999976e-02 4.90675457156154491e+19
9.06446396519999818e-22 1.46204999999999981e-02 4.96465087982806712e+19
9.11747252639999964e-22 1.47920000000000031e-02 5.02288675588501012e+19
9.17048108759999923e-22 1.49644999999999986e-02 5.08146219973237064e+19
9.22348964879999881e-22 1.51379999999999987e-02 5.14037721137015112e+19
9.27649820999999839e-22 1.53124999999999980e-02 5.19963179079835075e+19
9.32950677119999797e-22 1.54879999999999931e-02 5.25922593801696952e+19
9.38251533239999944e-22 1.56644999999999979e-02 5.31915965302600991e+19
9.43552389359999902e-22 1.58419999999999984e-02 5.37943293582546862e+19
9.48853245479999860e-22 1.60205000000000000e-02 5.44004578641534566e+19
9.54154101599999818e-22 1.61999999999999922e-02 5.50099820479564268e+19
9.59454957719999965e-22 1.63804999999999992e-02 5.56229019096636129e+19
9.64755813839999923e-22 1.65620000000000003e-02 5.62392174492749660e+19
9.70056669959999881e-22 1.67444999999999990e-02 5.68589286667905270e+19
9.75357526079999839e-22 1.69279999999999951e-02 5.74820355622102712e+19
9.80658382199999798e-22 1.71124999999999958e-02 5.81085381355342152e+19
9.85959238319999944e-22 1.72980000000000009e-02 5.87384363867623752e+19
9.91260094439999902e-22 1.74845000000000000e-02 5.93717303158947021e+19
9.96560950559999860e-22 1.76720000000000002e-02 6.00084199229312369e+19
1.00186180667999982e-21 1.78604999999999944e-02 6.06485052078719549e+19
1.00716266279999996e-21 1.80500000000000001e-02 6.12919861707168973e+19
1.01246351891999992e-21 1.82404999999999998e-02 6.19388628114660065e+19
1.01776437503999988e-21 1.84320000000000005e-02 6.25891351301193155e+19
1.02306523115999984e-21 1.86244999999999952e-02 6.32428031266768241e+19
1.02836608727999980e-21 1.88179999999999945e-02 6.38998668011385160e+19
1.03366694339999994e-21 1.90125000000000016e-02 6.45603261535044403e+19
1.03896779951999990e-21 1.92080000000000028e-02 6.52241811837745234e+19
1.04426865563999986e-21 1.94044999999999947e-02 6.58914318919488061e+19
1.04956951175999982e-21 1.96019999999999979e-02 6.65620782780272804e+19
1.05487036787999997e-21 1.98005000000000021e-02 6.72361203420099707e+19
1.06017122399999992e-21 2.00000000000000039e-02 6.79135580838968361e+19
1.06547208011999988e-21 2.02004999999999962e-02 6.85943915036879012e+19
1.07077293623999984e-21 2.04019999999999965e-02 6.92786206013831578e+19
1.07607379235999980e-21 2.06044999999999978e-02 6.99662453769826058e+19
1.08137464847999994e-21 2.08080000000000036e-02 7.06572658304862700e+19
1.08667550459999990e-21 2.10124999999999965e-02 7.13516819618941092e+19
1.09197636071999986e-21 2.12179999999999973e-02 7.20494937712061399e+19
1.09727721683999982e-21 2.14244999999999991e-02 7.27507012584223785e+19
1.10257807295999997e-21 2.16320000000000054e-02 7.34553044235428250e+19
1.10787892907999992e-21 2.18404999999999988e-02 7.41633032665674383e+19
1.11317978519999988e-21 2.20499999999999967e-02 7.48746977874962678e+19
1.11848064131999984e-21 2.22604999999999990e-02 7.55894879863292723e+19
1.12378149743999980e-21 2.24719999999999920e-02 7.63076738630664684e+19
1.12908235355999994e-21 2.26844999999999998e-02 7.70292554177078886e+19
1.13438320967999990e-21 2.28979999999999982e-02 7.77542326502534840e+19
1.13968406579999986e-21 2.31124999999999976e-02 7.84826055607032709e+19
1.14498492191999982e-21 2.33279999999999946e-02 7.92143741490572657e+19
1.15028577803999978e-21 2.35444999999999925e-02 7.99495384153154355e+19
1.15558663415999992e-21 2.37619999999999984e-02 8.06880983594778296e+19
1.16088749027999988e-21 2.39804999999999983e-02 8.14300539815443988e+19
1.16618834639999984e-21 2.41999999999999958e-02 8.21754052815151596e+19
1.17148920251999980e-21 2.44204999999999943e-02 8.29241522593901117e+19
1.17679005863999995e-21 2.46420000000000007e-02 8.36762949151692882e+19
1.18209091475999990e-21 2.48645000000000012e-02 8.44318332488526397e+19
1.18739177087999986e-21 2.50879999999999957e-02 8.51907672604401828e+19
1.19269262699999982e-21 2.53124999999999947e-02 8.59530969499319173e+19
1.19799348311999978e-21 2.55379999999999947e-02 8.67188223173278433e+19
1.20329433923999992e-21 2.57645000000000027e-02 8.74879433626280100e+19
1.20859519535999988e-21 2.59919999999999943e-02 8.82604600858323190e+19
1.21389605147999984e-21 2.62204999999999973e-02 8.90363724869408358e+19
1.21919690759999980e-21 2.64499999999999943e-02 8.98156805659535606e+19
1.22449776371999995e-21 2.66805000000000028e-02 9.05983843228704768e+19
1.22979861983999990e-21 2.69120000000000019e-02 9.13844837576915845e+19
1.23509947595999986e-21 2.71444999999999950e-02 9.21739788704168837e+19
1.24040033207999982e-21 2.73779999999999961e-02 9.29668696610463580e+19
1.24570118819999978e-21 2.76124999999999982e-02 9.37631561295800566e+19
1.25100204431999992e-21 2.78480000000000047e-02 9.45628382760179630e+19
1.25630290043999988e-21 2.80844999999999984e-02 9.53659161003600282e+19
1.26160375655999984e-21 2.83219999999999965e-02 9.61723896026063012e+19
1.26690461267999980e-21 2.85604999999999991e-02 9.69822587827567493e+19
1.27220546879999976e-21 2.87999999999999923e-02 9.77955236408114217e+19
1.27750632491999990e-21 2.90404999999999969e-02 9.86121841767703020e+19
1.28280718103999986e-21 2.92819999999999990e-02 9.94322403906333409e+19
1.28810803715999982e-21 2.95244999999999987e-02 1.00255692282400588e+20
1.29340889327999978e-21 2.97679999999999924e-02 1.01082539852072042e+20
1.29870974939999993e-21 3.00124999999999975e-02 1.01912783099647689e+20
1.30401060551999988e-21 3.02580000000000002e-02 1.02746422025127526e+20
1.30931146163999984e-21 3.05045000000000004e-02 1.03583456628511523e+20
1.31461231775999980e-21 3.07519999999999911e-02 1.04423886909799776e+20
1.31991317387999976e-21 3.10004999999999933e-02 1.05267712868992172e+20
1.32521402999999990e-21 3.12500000000000000e-02 1.06114934506088808e+20
1.33051488611999986e-21 3.15005000000000007e-02 1.06965551821089604e+20
1.33581574223999982e-21 3.17520000000000024e-02 1.07819564813994590e+20
1.34111659835999978e-21 3.20044999999999982e-02 1.08676973484803785e+20
1.34641745447999993e-21 3.22580000000000019e-02 1.09537777833517203e+20
1.35171831059999988e-21 3.25124999999999997e-02 1.10401977860134797e+20
1.35701916671999984e-21 3.27679999999999985e-02 1.11269573564656583e+20
1.36232002283999980e-21 3.30244999999999983e-02 1.12140564947082543e+20
1.36762087895999976e-21 3.32819999999999852e-02 1.13014952007412695e+20
1.37292173507999990e-21 3.35405000000000009e-02 1.13892734745647088e+20
1.37822259119999986e-21 3.38000000000000037e-02 1.14773913161785655e+20
1.38352344731999982e-21 3.40605000000000005e-02 1.15658487255828398e+20
1.38882430343999978e-21 3.43219999999999914e-02 1.16546457027775349e+20
1.39412515955999993e-21 3.45845000000000041e-02 1.17437822477626507e+20
1.39942601567999988e-21 3.48480000000000040e-02 1.18332583605381841e+20
1.40472687179999984e-21 3.51125000000000048e-02 1.19230740411041382e+20
1.41002772791999980e-21 3.53779999999999858e-02 1.20132292894605083e+20
1.41532858403999976e-21 3.56444999999999887e-02 1.21037241056073023e+20
1.42062944015999990e-21 3.59120000000000064e-02 1.21945584895445156e+20
1.42593029627999986e-21 3.61805000000000043e-02 1.22857324412721463e+20
1.43123115239999982e-21 3.64499999999999894e-02 1.23772459607901979e+20
1.43653200851999978e-21 3.67204999999999893e-02 1.24690990480986685e+20
1.44183286463999993e-21 3.69920000000000040e-02 1.25612917031975584e+20
1.44713372075999988e-21 3.72645000000000060e-02 1.26538239260868674e+20
1.45243457687999984e-21 3.75379999999999880e-02 1.27466957167665955e+20
1.45773543299999980e-21 3.78124999999999920e-02 1.28399070752367444e+20
1.46303628911999976e-21 3.80879999999999899e-02 1.29334580014973092e+20
1.46833714523999991e-21 3.83645000000000097e-02 1.30273484955483030e+20
1.47363800135999986e-21 3.86419999999999889e-02 1.31215785573897060e+20
1.47893885747999982e-21 3.89204999999999898e-02 1.32161481870215332e+20
1.48423971359999978e-21 3.91999999999999918e-02 1.33110573844437778e+20
1.48954056971999974e-21 3.94804999999999948e-02 1.34063061496564433e+20
1.49484142583999988e-21 3.97619999999999918e-02 1.35018944826595312e+20
1.50014228195999984e-21 4.00444999999999898e-02 1.35978223834530349e+20
1.50544313807999980e-21 4.03279999999999958e-02 1.36940898520369562e+20
1.51074399419999976e-21 4.06124999999999958e-02 1.37906968884112982e+20
1.51604485031999991e-21 4.08979999999999899e-02 1.38876434925760659e+20
1.52134570643999986e-21 4.11844999999999919e-02 1.39849296645312463e+20
1.52664656255999982e-21 4.14719999999999950e-02 1.40825554042768474e+20
1.53194741867999978e-21 4.17604999999999921e-02 1.41805207118128677e+20
1.53724827479999974e-21 4.20499999999999971e-02 1.42788255871393071e+20
1.54254913091999988e-21 4.23404999999999962e-02 1.43774700302561706e+20
1.54784998703999984e-21 4.26319999999999963e-02 1.44764540411634500e+20
1.55315084315999980e-21 4.29244999999999974e-02 1.45757776198611468e+20
1.55845169927999976e-21 4.32179999999999925e-02 1.46754407663492645e+20
1.56375255539999991e-21 4.35124999999999956e-02 1.47754434806278062e+20
1.56905341151999986e-21 4.38079999999999928e-02 1.48757857626967605e+20
1.57435426763999982e-21 4.41044999999999979e-02 1.49764676125561389e+20
1.57965512375999978e-21 4.44019999999999970e-02 1.50774890302059348e+20
1.58495597987999974e-21 4.47004999999999972e-02 1.51788500156461515e+20
1.59025683599999989e-21 4.49999999999999983e-02 1.52805505688767889e+20
1.59555769211999984e-21 4.53004999999999936e-02 1.53825906898978406e+20
1.60085854823999980e-21 4.56019999999999967e-02 1.54849703787093164e+20
1.60615940435999976e-21 4.59045000000000009e-02 1.55876896353112064e+20
1.61146026047999972e-21 4.62079999999999991e-02 1.56907484597035237e+20
1.61676111659999986e-21 4.65124999999999983e-02 1.57941468518862553e+20
1.62206197271999982e-21 4.68179999999999985e-02 1.58978848118594077e+20
1.62736282883999978e-21 4.71244999999999997e-02 1.60019623396229808e+20
1.63266368495999974e-21 4.74320000000000019e-02 1.61063794351769715e+20
1.63796454107999989e-21 4.77404999999999982e-02 1.62111360985213862e+20
1.64326539719999984e-21 4.80500000000000024e-02 1.63162323296562119e+20
1.64856625331999980e-21 4.83605000000000007e-02 1.64216681285814616e+20
1.65386710943999976e-21 4.86720000000000000e-02 1.65274434952971289e+20
1.65916796555999972e-21 4.89844999999999794e-02 1.66335584298032202e+20
1.66446882167999986e-21 4.92980000000000015e-02 1.67400129320997290e+20
1.66976967779999982e-21 4.96125000000000038e-02 1.68468070021866586e+20
1.67507053391999978e-21 4.99280000000000002e-02 1.69539406400640025e+20
1.68037139003999974e-21 5.02444999999999836e-02 1.70614138457317704e+20
1.68567224615999989e-21 5.05620000000000028e-02 1.71692266191899591e+20
1.69097310227999984e-21 5.08805000000000021e-02 1.72773789604385620e+20
1.69627395839999980e-21 5.12000000000000025e-02 1.73858708694775857e+20
1.70157481451999995e-21 5.15205000000000038e-02 1.74947023463070368e+20
1.70687567063999972e-21 5.18419999999999853e-02 1.76038733909268955e+20
1.71217652675999987e-21 5.21645000000000025e-02 1.77133840033371816e+20
1.71747738287999964e-21 5.24879999999999861e-02 1.78232341835378819e+20
1.72277823899999978e-21 5.28124999999999845e-02 1.79334239315290063e+20
1.72807909511999993e-21 5.31380000000000047e-02 1.80439532473105514e+20
1.73337995123999970e-21 5.34644999999999843e-02 1.81548221308825076e+20
1.73868080735999984e-21 5.37920000000000065e-02 1.82660305822448943e+20
1.74398166347999961e-21 5.41204999999999881e-02 1.83775786013976887e+20
1.74928251959999976e-21 5.44499999999999845e-02 1.84894661883409105e+20
1.75458337571999991e-21 5.47805000000000028e-02 1.86016933430745530e+20
1.75988423183999968e-21 5.51119999999999874e-02 1.87142600655986065e+20
1.76518508795999982e-21 5.54445000000000077e-02 1.88271663559130907e+20
1.77048594407999997e-21 5.57780000000000081e-02 1.89404122140179890e+20
1.77578680019999974e-21 5.61124999999999888e-02 1.90539976399133049e+20
1.78108765631999989e-21 5.64480000000000051e-02 1.91679226335990481e+20
1.78638851243999966e-21 5.67844999999999878e-02 1.92821871950751957e+20
1.79168936855999980e-21 5.71219999999999922e-02 1.93967913243417739e+20
1.79699022467999995e-21 5.74605000000000046e-02 1.95117350213987762e+20
1.80229108079999972e-21 5.77999999999999903e-02 1.96270182862461796e+20
1.80759193691999987e-21 5.81405000000000116e-02 1.97426411188840235e+20
1.81289279303999964e-21 5.84819999999999923e-02 1.98586035193122685e+20
1.81819364915999978e-21 5.88244999999999879e-02 1.99749054875309474e+20
1.82349450527999993e-21 5.91680000000000123e-02 2.00915470235400405e+20
1.82879536139999970e-21 5.95124999999999890e-02 2.02085281273395479e+20
1.83409621751999985e-21 5.98579999999999945e-02 2.03258487989294825e+20
1.83939707363999962e-21 6.02044999999999941e-02 2.04435090383098315e+20
1.84469792975999976e-21 6.05519999999999947e-02 2.05615088454806045e+20
1.84999878587999991e-21 6.09005000000000102e-02 2.06798482204417982e+20
1.85529964199999968e-21 6.12499999999999920e-02 2.07985271631934030e+20
1.86060049811999982e-21 6.16004999999999955e-02 2.09175456737354351e+20
1.86590135423999959e-21 6.19519999999999724e-02 2.10369037520678781e+20
1.87120221035999974e-21 6.23044999999999918e-02 2.11566013981907485e+20
1.87650306647999989e-21 6.26579999999999915e-02 2.12766386121040396e+20
1.88180392259999966e-21 6.30124999999999991e-02 2.13970153938077450e+20
1.88710477871999980e-21 6.33679999999999938e-02 2.15177317433018745e+20
1.89240563483999995e-21 6.37245000000000172e-02 2.16387876605864215e+20
1.89770649095999972e-21 6.40820000000000001e-02 2.17601831456613827e+20
1.90300734707999987e-21 6.44404999999999978e-02 2.18819181985267679e+20
1.90830820319999964e-21 6.47999999999999687e-02 2.20039928191825707e+20
1.91360905931999978e-21 6.51604999999999962e-02 2.21264070076287975e+20
1.91890991543999993e-21 6.55219999999999969e-02 2.22491607638654452e+20
1.92421077155999970e-21 6.58844999999999986e-02 2.23722540878925038e+20
1.92951162767999985e-21 6.62480000000000013e-02 2.24956869797099864e+20
1.93481248379999962e-21 6.66124999999999773e-02 2.26194594393178866e+20
1.94011333991999976e-21 6.69779999999999959e-02 2.27435714667162108e+20
1.94541419603999991e-21 6.73445000000000016e-02 2.28680230619049558e+20
1.95071505215999968e-21 6.77119999999999805e-02 2.29928142248841085e+20
1.95601590827999982e-21 6.80805000000000021e-02 2.31179449556536918e+20
1.96131676439999960e-21 6.84499999999999831e-02 2.32434152542136861e+20
1.96661762051999974e-21 6.88204999999999928e-02 2.33692251205641110e+20
1.97191847663999989e-21 6.91920000000000035e-02 2.34953745547049501e+20
1.97721933275999966e-21 6.95644999999999736e-02 2.36218635566362034e+20
1.98252018887999980e-21 6.99380000000000002e-02 2.37486921263578808e+20
1.98782104499999995e-21 7.03125000000000000e-02 2.38758602638699856e+20
1.99312190111999972e-21 7.06880000000000008e-02 2.40033679691724947e+20
1.99842275723999987e-21 7.10645000000000027e-02 2.41312152422654345e+20
2.00372361335999964e-21 7.14419999999999777e-02 2.42594020831487820e+20
2.00902446947999978e-21 7.18204999999999955e-02 2.43879284918225633e+20
2.01432532559999993e-21 7.22000000000000003e-02 2.45167944682867589e+20
2.01962618171999970e-21 7.25804999999999784e-02 2.46460000125413655e+20
2.02492703783999985e-21 7.29619999999999991e-02 2.47755451245864026e+20
2.03022789395999962e-21 7.33444999999999792e-02 2.49054298044218540e+20
2.03552875007999976e-21 7.37280000000000019e-02 2.50356540520477262e+20
2.04082960619999991e-21 7.41124999999999978e-02 2.51662178674640257e+20
2.04613046231999968e-21 7.44979999999999809e-02 2.52971212506707296e+20
2.05143131843999983e-21 7.48845000000000066e-02 2.54283642016678609e+20
2.05673217455999960e-21 7.52719999999999778e-02 2.55599467204554064e+20
2.06203303067999974e-21 7.56604999999999778e-02 2.56918688070333792e+20
2.06733388679999989e-21 7.60500000000000065e-02 2.58241304614017761e+20
2.07263474291999966e-21 7.64404999999999807e-02 2.59567316835605742e+20
2.07793559903999980e-21 7.68320000000000114e-02 2.60896724735098094e+20
2.08323645515999958e-21 7.72244999999999876e-02 2.62229528312494490e+20
2.08853731127999972e-21 7.76179999999999787e-02 2.63565727567795225e+20
2.09383816739999987e-21 7.80125000000000124e-02 2.64905322501000102e+20
2.09913902351999964e-21 7.84079999999999916e-02 2.66248313112109122e+20
2.10443987963999978e-21 7.88044999999999857e-02 2.67594699401122415e+20
2.10974073575999993e-21 7.92020000000000085e-02 2.68944481368039883e+20
2.11504159187999970e-21 7.96004999999999907e-02 2.70297659012861493e+20
2.12034244799999985e-21 8.00000000000000155e-02 2.71654232335587344e+20
2.12564330411999962e-21 8.04004999999999859e-02 2.73014201336217338e+20
2.13094416023999976e-21 8.08019999999999849e-02 2.74377566014751605e+20
2.13624501635999991e-21 8.12045000000000128e-02 2.75744326371190047e+20
2.14154587247999968e-21 8.16079999999999861e-02 2.77114482405532631e+20
2.14684672859999983e-21 8.20124999999999882e-02 2.78488034117779456e+20
2.15214758471999960e-21 8.24179999999999913e-02 2.79864981507930423e+20
2.15744844083999974e-21 8.28244999999999953e-02 2.81245324575985631e+20
2.16274929695999989e-21 8.32320000000000143e-02 2.82629063321945080e+20
2.16805015307999966e-21 8.36404999999999926e-02 2.84016197745808605e+20
2.17335100919999981e-21 8.40499999999999858e-02 2.85406727847576437e+20
2.17865186531999958e-21 8.44604999999999939e-02 2.86800653627248378e+20
2.18395272143999972e-21 8.48719999999999891e-02 2.88197975084824560e+20
2.18925357755999987e-21 8.52844999999999853e-02 2.89598692220304982e+20
2.19455443367999964e-21 8.56979999999999964e-02 2.91002805033689514e+20
2.19985528979999978e-21 8.61124999999999946e-02 2.92410313524978287e+20
2.20515614591999993e-21 8.65280000000000216e-02 2.93821217694171300e+20
2.21045700203999970e-21 8.69444999999999940e-02 2.95235517541268390e+20
2.21575785815999985e-21 8.73619999999999952e-02 2.96653213066269753e+20
2.22105871427999962e-21 8.77804999999999974e-02 2.98074304269175292e+20
2.22635957039999976e-21 8.81999999999999867e-02 2.99498791149985071e+20
2.23166042651999991e-21 8.86205000000000187e-02 3.00926673708698960e+20
2.23696128263999968e-21 8.90419999999999962e-02 3.02357951945317089e+20
2.24226213875999983e-21 8.94644999999999885e-02 3.03792625859839394e+20
2.24756299487999960e-21 8.98879999999999679e-02 3.05230695452265873e+20
2.25286385099999974e-21 9.03124999999999900e-02 3.06672160722596659e+20
2.25816470711999989e-21 9.07379999999999992e-02 3.08117021670831555e+20
2.26346556323999966e-21 9.11644999999999955e-02 3.09565278296970625e+20
2.26876641935999981e-21 9.15919999999999929e-02 3.11016930601013936e+20
2.27406727547999958e-21 9.20204999999999773e-02 3.12471978582961357e+20
2.27936813159999972e-21 9.24499999999999905e-02 3.13930422242813084e+20
2.28466898771999987e-21 9.28804999999999908e-02 3.15392261580568986e+20
2.28996984383999964e-21 9.33119999999999783e-02 3.16857496596229063e+20
2.29527069995999979e-21 9.37444999999999945e-02 3.18326127289793315e+20
2.30057155607999956e-21 9.41779999999999701e-02 3.19798153661261742e+20
2.30587241219999970e-21 9.46125000000000022e-02 3.21273575710634410e+20
2.31117326831999985e-21 9.50479999999999936e-02 3.22752393437911319e+20
2.31647412443999962e-21 9.54844999999999722e-02 3.24234606843092271e+20
2.32177498055999976e-21 9.59219999999999934e-02 3.25720215926177595e+20
2.32707583667999991e-21 9.63605000000000017e-02 3.27209220687167160e+20
2.33237669279999968e-21 9.67999999999999833e-02 3.28701621126060638e+20
2.33767754891999983e-21 9.72405000000000075e-02 3.30197417242858488e+20
2.34297840503999960e-21 9.76819999999999772e-02 3.31696609037560447e+20
2.34827926115999974e-21 9.81245000000000034e-02 3.33199196510166712e+20
2.35358011727999989e-21 9.85680000000000028e-02 3.34705179660677153e+20
2.35888097339999966e-21 9.90124999999999755e-02 3.36214558489091703e+20
2.36418182951999981e-21 9.94580000000000047e-02 3.37727332995410559e+20
2.36948268563999958e-21 9.99044999999999794e-02 3.39243503179633525e+20
2.37478354175999972e-21 1.00351999999999983e-01 3.40763069041760731e+20
2.38008439787999987e-21 1.00800500000000001e-01 3.42286030581792113e+20
2.38538525399999964e-21 1.01249999999999979e-01 3.43812387799727669e+20
2.39068611011999979e-21 1.01700499999999999e-01 3.45342140695567532e+20
2.39598696623999956e-21 1.02151999999999979e-01 3.46875289269311373e+20
2.40128782235999970e-21 1.02604499999999987e-01 3.48411833520959586e+20
2.40658867847999985e-21 1.03058000000000011e-01 3.49951773450512040e+20
2.41188953459999962e-21 1.03512499999999980e-01 3.51495109057968472e+20
2.41719039071999977e-21 1.03967999999999977e-01 3.53041840343329276e+20
2.42249124683999954e-21 1.04424499999999976e-01 3.54591967306594124e+20
2.42779210295999968e-21 1.04881999999999989e-01 3.56145489947763343e+20
2.43309295907999983e-21 1.05340500000000004e-01 3.57702408266836738e+20
2.43839381519999960e-21 1.05799999999999977e-01 3.59262722263814242e+20
2.44369467131999974e-21 1.06260499999999980e-01 3.60826431938695922e+20
2.44899552743999989e-21 1.06722000000000011e-01 3.62393537291481907e+20
2.45429638355999966e-21 1.07184499999999988e-01 3.63964038322171937e+20
2.45959723967999981e-21 1.07648000000000008e-01 3.65537935030766338e+20
2.46489809579999958e-21 1.08112499999999986e-01 3.67115227417264783e+20
2.47019895191999972e-21 1.08577999999999980e-01 3.68695915481667535e+20
2.47549980803999987e-21 1.09044500000000016e-01 3.70279999223974396e+20
2.48080066415999964e-21 1.09511999999999984e-01 3.71867478644185432e+20
2.48610152027999979e-21 1.09980499999999981e-01 3.73458353742300709e+20
2.49140237639999956e-21 1.10449999999999993e-01 3.75052624518320226e+20
2.49670323251999970e-21 1.10920499999999991e-01 3.76650290972243919e+20
2.50200408863999985e-21 1.11392000000000019e-01 3.78251353104071852e+20
2.50730494475999962e-21 1.11864499999999992e-01 3.79855810913803829e+20
2.51260580087999977e-21 1.12337999999999993e-01 3.81463664401440113e+20
2.51790665699999954e-21 1.12812499999999968e-01 3.83074913566980506e+20
2.52320751311999968e-21 1.13287999999999986e-01 3.84689558410425205e+20
2.52850836923999983e-21 1.13764499999999991e-01 3.86307598931774079e+20
2.53380922535999960e-21 1.14241999999999996e-01 3.87929035131026997e+20
2.53911008147999975e-21 1.14720499999999989e-01 3.89553867008184353e+20
2.54441093759999952e-21 1.15199999999999969e-01 3.91182094563245687e+20
2.54971179371999966e-21 1.15680499999999992e-01 3.92813717796211393e+20
2.55501264983999981e-21 1.16161999999999987e-01 3.94448736707081208e+20
2.56031350595999958e-21 1.16644499999999970e-01 3.96087151295855133e+20
2.56561436207999972e-21 1.17127999999999996e-01 3.97728961562533364e+20
2.57091521819999987e-21 1.17612499999999995e-01 3.99374167507115835e+20
2.57621607431999964e-21 1.18097999999999995e-01 4.01022769129602351e+20
2.58151693043999979e-21 1.18584499999999995e-01 4.02674766429993173e+20
2.58681778655999956e-21 1.19071999999999970e-01 4.04330159408288170e+20
2.59211864267999970e-21 1.19560500000000000e-01 4.05988948064487277e+20
2.59741949879999985e-21 1.20049999999999990e-01 4.07651132398590755e+20
2.60272035491999962e-21 1.20540499999999967e-01 4.09316712410598212e+20
2.60802121103999977e-21 1.21032000000000001e-01 4.10985688100510106e+20
2.61332206715999954e-21 1.21524499999999966e-01 4.12658059468325913e+20
2.61862292327999968e-21 1.22018000000000001e-01 4.14333826514046091e+20
2.62392377939999983e-21 1.22512499999999996e-01 4.16012989237670576e+20
2.62922463551999960e-21 1.23007999999999965e-01 4.17695547639199105e+20
2.63452549163999975e-21 1.23504500000000003e-01 4.19381501718631809e+20
2.63982634775999952e-21 1.24001999999999973e-01 4.21070851475968688e+20
2.64512720387999966e-21 1.24500500000000000e-01 4.22763596911209808e+20
2.65042805999999981e-21 1.25000000000000000e-01 4.24459738024355234e+20
2.65572891611999958e-21 1.25500499999999987e-01 4.26159274815404704e+20
2.66102977223999973e-21 1.26002000000000003e-01 4.27862207284358414e+20
2.66633062835999987e-21 1.26504499999999992e-01 4.29568535431216431e+20
2.67163148447999964e-21 1.27008000000000010e-01 4.31278259255978361e+20
2.67693234059999979e-21 1.27512500000000001e-01 4.32991378758644793e+20
2.68223319671999956e-21 1.28017999999999993e-01 4.34707893939215139e+20
2.68753405283999970e-21 1.28524500000000014e-01 4.36427804797689922e+20
2.69283490895999985e-21 1.29032000000000008e-01 4.38151111334068814e+20
2.69813576507999962e-21 1.29540500000000003e-01 4.39877813548351816e+20
2.70343662119999977e-21 1.30049999999999999e-01 4.41607911440539189e+20
2.70873747731999954e-21 1.30560499999999940e-01 4.43341405010630541e+20
2.71403833343999968e-21 1.31071999999999994e-01 4.45078294258626331e+20
2.71933918955999983e-21 1.31584499999999993e-01 4.46818579184526230e+20
2.72464004567999960e-21 1.32097999999999993e-01 4.48562259788330172e+20
2.72994090179999975e-21 1.32612499999999994e-01 4.50309336070038422e+20
2.73524175791999952e-21 1.33127999999999941e-01 4.52059808029650780e+20
2.74054261403999966e-21 1.33644499999999999e-01 4.53813675667167511e+20
2.74584347015999981e-21 1.34162000000000003e-01 4.55570938982588350e+20
2.75114432627999958e-21 1.34680499999999953e-01 4.57331597975913300e+20
2.75644518239999973e-21 1.35200000000000015e-01 4.59095652647142621e+20
2.76174603851999950e-21 1.35720499999999938e-01 4.60863102996275921e+20
2.76704689463999964e-21 1.36242000000000002e-01 4.62633949023313592e+20
2.77234775075999979e-21 1.36764500000000011e-01 4.64408190728255439e+20
2.77764860687999956e-21 1.37287999999999966e-01 4.66185828111101395e+20
2.78294946299999971e-21 1.37812500000000004e-01 4.67966861171851592e+20
2.78825031911999985e-21 1.38338000000000017e-01 4.69751289910506029e+20
2.79355117523999962e-21 1.38864499999999946e-01 4.71539114327064510e+20
2.79885203135999977e-21 1.39392000000000016e-01 4.73330334421527364e+20
2.80415288747999954e-21 1.39920499999999948e-01 4.75124950193894261e+20
2.80945374359999968e-21 1.40450000000000019e-01 4.76922961644165530e+20
2.81475459971999983e-21 1.40980500000000009e-01 4.78724368772340842e+20
2.82005545583999960e-21 1.41511999999999943e-01 4.80529171578420330e+20
2.82535631195999975e-21 1.42044500000000018e-01 4.82337370062404190e+20
2.83065716807999952e-21 1.42577999999999955e-01 4.84148964224292094e+20
2.83595802419999966e-21 1.43112499999999948e-01 4.85963954064084304e+20
2.84125888031999981e-21 1.43648000000000026e-01 4.87782339581780623e+20
2.84655973643999958e-21 1.44184499999999965e-01 4.89604120777381118e+20
2.85186059255999973e-21 1.44722000000000017e-01 4.91429297650885853e+20
2.85716144867999950e-21 1.45260499999999959e-01 4.93257870202294698e+20
2.86246230479999964e-21 1.45799999999999957e-01 4.95089838431607914e+20
2.86776316091999979e-21 1.46340500000000012e-01 4.96925202338825241e+20
2.87306401703999956e-21 1.46881999999999957e-01 4.98763961923946742e+20
2.87836487315999971e-21 1.47424500000000014e-01 5.00606117186972484e+20
2.88366572927999985e-21 1.47968000000000016e-01 5.02451668127902335e+20
2.88896658539999962e-21 1.48512499999999964e-01 5.04300614746736361e+20
2.89426744151999977e-21 1.49058000000000024e-01 5.06152957043474694e+20
2.89956829763999954e-21 1.49604499999999974e-01 5.08008695018117136e+20
2.90486915375999969e-21 1.50151999999999952e-01 5.09867828670663819e+20
2.91017000987999983e-21 1.50700500000000015e-01 5.11730358001114743e+20
2.91547086599999960e-21 1.51249999999999968e-01 5.13596283009469776e+20
2.92077172211999975e-21 1.51800500000000033e-01 5.15465603695729050e+20
2.92607257823999952e-21 1.52351999999999960e-01 5.17338320059892367e+20
2.93137343435999966e-21 1.52904499999999971e-01 5.19214432101960188e+20
2.93667429047999981e-21 1.53458000000000039e-01 5.21093939821932118e+20
2.94197514659999958e-21 1.54012499999999969e-01 5.22976843219808027e+20
2.94727600271999973e-21 1.54567999999999955e-01 5.24863142295588241e+20
2.95257685883999950e-21 1.55124499999999971e-01 5.26752837049272631e+20
2.95787771495999964e-21 1.55681999999999959e-01 5.28645927480861327e+20
2.96317857107999979e-21 1.56240500000000032e-01 5.30542413590354199e+20
2.96847942719999956e-21 1.56799999999999967e-01 5.32442295377751114e+20
2.97378028331999971e-21 1.57360499999999959e-01 5.34345572843052335e+20
2.97908113943999948e-21 1.57921999999999979e-01 5.36252245986257732e+20
2.98438199555999962e-21 1.58484499999999973e-01 5.38162314807367369e+20
2.98968285167999977e-21 1.59047999999999967e-01 5.40075779306381246e+20
2.99498370779999954e-21 1.59612499999999963e-01 5.41992639483299103e+20
3.00028456391999969e-21 1.60177999999999959e-01 5.43912895338121396e+20
3.00558542003999983e-21 1.60744500000000040e-01 5.45836546870847799e+20
3.01088627615999960e-21 1.61311999999999983e-01 5.47763594081478246e+20
3.01618713227999975e-21 1.61880499999999983e-01 5.49694036970013065e+20
3.02148798839999952e-21 1.62449999999999983e-01 5.51627875536451928e+20
3.02678884451999966e-21 1.63020499999999985e-01 5.53565109780795163e+20
3.03208970063999981e-21 1.63591999999999960e-01 5.55505739703042638e+20
3.03739055675999958e-21 1.64164499999999963e-01 5.57449765303194026e+20
3.04269141287999973e-21 1.64737999999999968e-01 5.59397186581249851e+20
3.04799226899999950e-21 1.65312499999999973e-01 5.61348003537209655e+20
3.05329312511999964e-21 1.65887999999999980e-01 5.63302216171073896e+20
3.05859398123999979e-21 1.66464499999999987e-01 5.65259824482842247e+20
3.06389483735999956e-21 1.67041999999999968e-01 5.67220828472514707e+20
3.06919569347999971e-21 1.67620499999999978e-01 5.69185228140091474e+20
3.07449654959999948e-21 1.68199999999999988e-01 5.71153023485572284e+20
3.07979740571999962e-21 1.68780499999999972e-01 5.73124214508957467e+20
3.08509826183999977e-21 1.69361999999999985e-01 5.75098801210246824e+20
3.09039911795999954e-21 1.69944499999999971e-01 5.77076783589440160e+20
3.09569997407999969e-21 1.70527999999999985e-01 5.79058161646537998e+20
3.10100083019999946e-21 1.71112499999999973e-01 5.81042935381539815e+20
3.10630168631999960e-21 1.71697999999999990e-01 5.83031104794445873e+20
3.11160254243999975e-21 1.72284499999999979e-01 5.85022669885256237e+20
3.11690339855999952e-21 1.72871999999999970e-01 5.87017630653970579e+20
3.12220425467999967e-21 1.73460499999999990e-01 5.89015987100589294e+20
3.12750511079999981e-21 1.74049999999999983e-01 5.91017739225112248e+20
3.13280596691999958e-21 1.74640499999999976e-01 5.93022887027539182e+20
3.13810682303999973e-21 1.75231999999999971e-01 5.95031430507870421e+20
3.14340767915999950e-21 1.75824499999999995e-01 5.97043369666105836e+20
3.14870853527999964e-21 1.76417999999999991e-01 5.99058704502245556e+20
3.15400939139999979e-21 1.77012499999999989e-01 6.01077435016289452e+20
3.15931024751999956e-21 1.77607999999999988e-01 6.03099561208237392e+20
3.16461110363999971e-21 1.78204499999999988e-01 6.05125083078089638e+20
3.16991195975999948e-21 1.78801999999999989e-01 6.07154000625846059e+20
3.17521281587999962e-21 1.79400499999999991e-01 6.09186313851506655e+20
3.18051367199999977e-21 1.79999999999999993e-01 6.11222022755071558e+20
3.18581452811999954e-21 1.80600499999999997e-01 6.13261127336540504e+20
3.19111538423999969e-21 1.81201999999999974e-01 6.15303627595913626e+20
3.19641624035999946e-21 1.81804499999999980e-01 6.17349523533191053e+20
3.20171709647999960e-21 1.82407999999999987e-01 6.19398815148372656e+20
3.20701795259999975e-21 1.83012499999999995e-01 6.21451502441458565e+20
3.21231880871999952e-21 1.83618000000000003e-01 6.23507585412448256e+20
3.21761966483999967e-21 1.84224499999999985e-01 6.25567064061342515e+20
3.22292052095999944e-21 1.84831999999999996e-01 6.27629938388140950e+20
3.22822137707999958e-21 1.85440499999999980e-01 6.29696208392843428e+20
3.23352223319999973e-21 1.86049999999999993e-01 6.31765874075450212e+20
3.23882308931999950e-21 1.86660499999999979e-01 6.33838935435961172e+20
3.24412394543999965e-21 1.87271999999999994e-01 6.35915392474376307e+20
3.24942480155999979e-21 1.87884499999999982e-01 6.37995245190695617e+20
3.25472565767999956e-21 1.88497999999999999e-01 6.40078493584919233e+20
3.26002651379999971e-21 1.89112499999999989e-01 6.42165137657047024e+20
3.26532736991999948e-21 1.89728000000000008e-01 6.44255177407078859e+20
3.27062822603999962e-21 1.90344500000000000e-01 6.46348612835014869e+20
3.27592908215999977e-21 1.90961999999999993e-01 6.48445443940855448e+20
3.28122993827999954e-21 1.91580499999999987e-01 6.50545670724599808e+20
3.28653079439999969e-21 1.92200000000000010e-01 6.52649293186248475e+20
3.29183165051999946e-21 1.92820500000000006e-01 6.54756311325801447e+20
3.29713250663999960e-21 1.93442000000000003e-01 6.56866725143258464e+20
3.30243336275999975e-21 1.94064500000000001e-01 6.58980534638619918e+20
3.30773421887999952e-21 1.94688000000000000e-01 6.61097739811885154e+20
3.31303507499999967e-21 1.95312500000000000e-01 6.63218340663054959e+20
3.31833593111999944e-21 1.95937999999999918e-01 6.65342337192128807e+20
3.32363678723999958e-21 1.96564500000000003e-01 6.67469729399106961e+20
3.32893764335999973e-21 1.97192000000000006e-01 6.69600517283989160e+20
3.33423849947999950e-21 1.97820500000000010e-01 6.71734700846775534e+20
3.33953935559999965e-21 1.98450000000000015e-01 6.73872280087466344e+20
3.34484021171999979e-21 1.99080499999999994e-01 6.76013255006061199e+20
3.35014106783999956e-21 1.99712000000000001e-01 6.78157625602560098e+20
3.35544192395999971e-21 2.00344500000000009e-01 6.80305391876963434e+20
3.36074278007999948e-21 2.00977999999999934e-01 6.82456553829270815e+20
3.36604363619999963e-21 2.01612500000000000e-01 6.84611111459482501e+20
3.37134449231999977e-21 2.02248000000000011e-01 6.86769064767598363e+20
3.37664534843999954e-21 2.02884499999999995e-01 6.88930413753618268e+20
3.38194620455999969e-21 2.03522000000000008e-01 6.91095158417542480e+20
3.38724706067999946e-21 2.04160499999999939e-01 6.93263298759370867e+20
3.39254791679999960e-21 2.04800000000000010e-01 6.95434834779103429e+20
3.39784877291999975e-21 2.05440499999999998e-01 6.97609766476740428e+20
3.40314962903999990e-21 2.06082000000000015e-01 6.99788093852281471e+20
3.40845048515999929e-21 2.06724499999999950e-01 7.01969816905726427e+20
3.41375134127999944e-21 2.07367999999999941e-01 7.04154935637075821e+20
3.41905219739999958e-21 2.08012500000000017e-01 7.06343450046329389e+20
3.42435305351999973e-21 2.08658000000000010e-01 7.08535360133487264e+20
3.42965390963999988e-21 2.09304500000000004e-01 7.10730665898549314e+20
3.43495476575999927e-21 2.09951999999999944e-01 7.12929367341515276e+20
3.44025562187999942e-21 2.10600499999999941e-01 7.15131464462385676e+20
3.44555647799999956e-21 2.11249999999999938e-01 7.17336957261160251e+20
3.45085733411999971e-21 2.11900500000000019e-01 7.19545845737839002e+20
3.45615819023999986e-21 2.12552000000000019e-01 7.21758129892422058e+20
3.46145904635999925e-21 2.13204499999999936e-01 7.23973809724908896e+20
3.46675990247999940e-21 2.13857999999999937e-01 7.26192885235300303e+20
3.47206075859999954e-21 2.14512499999999939e-01 7.28415356423595885e+20
3.47736161471999969e-21 2.15168000000000026e-01 7.30641223289795772e+20
3.48266247083999984e-21 2.15824500000000030e-01 7.32870485833899704e+20
3.48796332695999923e-21 2.16481999999999952e-01 7.35103144055907549e+20
3.49326418307999938e-21 2.17140499999999959e-01 7.37339197955819831e+20
3.49856503919999952e-21 2.17799999999999938e-01 7.39578647533636420e+20
3.50386589531999967e-21 2.18460500000000030e-01 7.41821492789357314e+20
3.50916675143999981e-21 2.19122000000000011e-01 7.44067733722982121e+20
3.51446760755999996e-21 2.19784500000000022e-01 7.46317370334511235e+20
3.51976846367999935e-21 2.20447999999999950e-01 7.48570402623944262e+20
3.52506931979999950e-21 2.21112499999999962e-01 7.50826830591281857e+20
3.53037017591999965e-21 2.21778000000000031e-01 7.53086654236523626e+20
3.53567103203999979e-21 2.22444500000000017e-01 7.55349873559669572e+20
3.54097188815999994e-21 2.23112000000000033e-01 7.57616488560719561e+20
3.54627274427999933e-21 2.23780499999999966e-01 7.59886499239673725e+20
3.55157360039999948e-21 2.24449999999999955e-01 7.62159905596532195e+20
3.55687445651999963e-21 2.25120499999999946e-01 7.64436707631294841e+20
3.56217531263999977e-21 2.25792000000000020e-01 7.66716905343961924e+20
3.56747616875999992e-21 2.26464500000000041e-01 7.69000498734532788e+20
3.57277702487999931e-21 2.27137999999999951e-01 7.71287487803007828e+20
3.57807788099999946e-21 2.27812499999999946e-01 7.73577872549387305e+20
3.58337873711999961e-21 2.28487999999999969e-01 7.75871652973670957e+20
3.58867959323999975e-21 2.29164500000000021e-01 7.78168829075858784e+20
3.59398044935999990e-21 2.29842000000000019e-01 7.80469400855951049e+20
3.59928130547999929e-21 2.30520499999999962e-01 7.82773368313946833e+20
3.60458216159999944e-21 2.31199999999999961e-01 7.85080731449847185e+20
3.60988301771999959e-21 2.31880499999999962e-01 7.87391490263651975e+20
3.61518387383999973e-21 2.32562000000000046e-01 7.89705644755360940e+20
3.62048472995999988e-21 2.33244500000000049e-01 7.92023194924973818e+20
3.62578558607999927e-21 2.33927999999999969e-01 7.94344140772490740e+20
3.63108644219999942e-21 2.34612499999999974e-01 7.96668482297912230e+20
3.63638729831999956e-21 2.35297999999999952e-01 7.98996219501237895e+20
3.64168815443999971e-21 2.35984499999999958e-01 8.01327352382467604e+20
3.64698901055999986e-21 2.36672000000000049e-01 8.03661880941601620e+20
3.65228986667999925e-21 2.37360499999999974e-01 8.05999805178639417e+20
3.65759072279999940e-21 2.38049999999999956e-01 8.08341125093581914e+20
3.66289157891999954e-21 2.38740499999999967e-01 8.10685840686428455e+20
3.66819243503999969e-21 2.39431999999999978e-01 8.13033951957179302e+20
3.67349329115999984e-21 2.40124500000000046e-01 8.15385458905834324e+20
3.67879414727999923e-21 2.40817999999999977e-01 8.17740361532393259e+20
3.68409500339999938e-21 2.41512499999999963e-01 8.20098659836856500e+20
3.68939585951999952e-21 2.42207999999999979e-01 8.22460353819224179e+20
3.69469671563999967e-21 2.42904499999999968e-01 8.24825443479496032e+20
3.69999757175999982e-21 2.43602000000000041e-01 8.27193928817671930e+20
3.70529842787999921e-21 2.44300499999999976e-01 8.29565809833751740e+20
3.71059928399999936e-21 2.44999999999999968e-01 8.31941086527736119e+20
3.71590014011999950e-21 2.45700499999999961e-01 8.34319758899624673e+20
3.72120099623999965e-21 2.46401999999999982e-01 8.36701826949417402e+20
3.72650185235999979e-21 2.47104499999999977e-01 8.39087290677114307e+20
3.73180270847999919e-21 2.47807999999999889e-01 8.41476150082715124e+20
3.73710356459999934e-21 2.48512499999999970e-01 8.43868405166220509e+20
3.74240442071999948e-21 2.49217999999999967e-01 8.46264055927629939e+20
3.74770527683999963e-21 2.49924499999999966e-01 8.48663102366943674e+20
3.75300613295999977e-21 2.50631999999999966e-01 8.51065544484161585e+20
3.75830698907999992e-21 2.51340500000000078e-01 8.53471382279283671e+20
3.76360784519999931e-21 2.52049999999999996e-01 8.55880615752309801e+20
3.76890870131999946e-21 2.52760499999999999e-01 8.58293244903240237e+20
3.77420955743999961e-21 2.53471999999999975e-01 8.60709269732074979e+20
3.77951041355999975e-21 2.54184499999999980e-01 8.63128690238813766e+20
3.78481126967999990e-21 2.54898000000000069e-01 8.65551506423456858e+20
3.79011212579999929e-21 2.55612499999999965e-01 8.67977718286003732e+20
3.79541298191999944e-21 2.56328000000000000e-01 8.70407325826455306e+20
3.80071383803999959e-21 2.57044499999999954e-01 8.72840329044811055e+20
3.80601469415999973e-21 2.57761999999999991e-01 8.75276727941070717e+20
3.81131555027999988e-21 2.58480500000000057e-01 8.77716522515234947e+20
3.81661640639999927e-21 2.59199999999999875e-01 8.80159712767302828e+20
3.82191726251999942e-21 2.59920499999999999e-01 8.82606298697275277e+20
3.82721811863999957e-21 2.60641999999999985e-01 8.85056280305151902e+20
3.83251897475999971e-21 2.61364500000000000e-01 8.87509657590932701e+20
3.83781983087999986e-21 2.62087999999999988e-01 8.89966430554617807e+20
3.84312068699999925e-21 2.62812499999999893e-01 8.92426599196206563e+20
3.84842154311999940e-21 2.63537999999999994e-01 8.94890163515700150e+20
3.85372239923999955e-21 2.64264499999999958e-01 8.97357123513097650e+20
3.85902325535999969e-21 2.64992000000000005e-01 8.99827479188399456e+20
3.86432411147999984e-21 2.65720499999999971e-01 9.02301230541605569e+20
3.86962496759999923e-21 2.66449999999999909e-01 9.04778377572715463e+20
3.87492582371999938e-21 2.67180499999999987e-01 9.07258920281729794e+20
3.88022667983999952e-21 2.67911999999999983e-01 9.09742858668648432e+20
3.88552753595999967e-21 2.68644500000000008e-01 9.12230192733471244e+20
3.89082839207999982e-21 2.69378000000000006e-01 9.14720922476198232e+20
3.89612924819999921e-21 2.70112499999999922e-01 9.17215047896829002e+20
3.90143010431999936e-21 2.70847999999999922e-01 9.19712568995364340e+20
3.90673096043999950e-21 2.71584500000000006e-01 9.22213485771803853e+20
3.91203181655999965e-21 2.72322000000000009e-01 9.24717798226147672e+20
3.91733267267999980e-21 2.73060499999999984e-01 9.27225506358395666e+20
3.92263352879999919e-21 2.73799999999999932e-01 9.29736610168547443e+20
3.92793438491999934e-21 2.74540499999999910e-01 9.32251109656603787e+20
3.93323524103999948e-21 2.75281999999999971e-01 9.34769004822564438e+20
3.93853609715999963e-21 2.76024500000000006e-01 9.37290295666429133e+20
3.94383695327999978e-21 2.76768000000000014e-01 9.39814982188198003e+20
3.94913780939999917e-21 2.77512499999999940e-01 9.42343064387870786e+20
3.95443866551999932e-21 2.78257999999999894e-01 9.44874542265448137e+20
3.95973952163999946e-21 2.79004499999999989e-01 9.47409415820929663e+20
3.96504037775999961e-21 2.79752000000000001e-01 9.49947685054315233e+20
3.97034123387999975e-21 2.80500499999999986e-01 9.52489349965605110e+20
3.97564208999999990e-21 2.81250000000000000e-01 9.55034410554799423e+20
3.98094294611999930e-21 2.82000499999999932e-01 9.57582866821897257e+20
3.98624380223999944e-21 2.82752000000000003e-01 9.60134718766899790e+20
3.99154465835999959e-21 2.83504499999999993e-01 9.62689966389806498e+20
3.99684551447999973e-21 2.84258000000000011e-01 9.65248609690617381e+20
4.00214637059999988e-21 2.85012500000000002e-01 9.67810648669332308e+20
4.00744722671999927e-21 2.85767999999999911e-01 9.70376083325951279e+20
4.01274808283999942e-21 2.86524499999999904e-01 9.72944913660474819e+20
4.01804893895999957e-21 2.87281999999999982e-01 9.75517139672902533e+20
4.02334979507999971e-21 2.88040500000000033e-01 9.78092761363234423e+20
4.02865065119999986e-21 2.88800000000000001e-01 9.80671778731470356e+20
4.03395150731999925e-21 2.89560499999999943e-01 9.83254191777610334e+20
4.03925236343999940e-21 2.90321999999999913e-01 9.85840000501654618e+20
4.04455321955999955e-21 2.91084500000000024e-01 9.88429204903603339e+20
4.04985407567999969e-21 2.91847999999999996e-01 9.91021804983456104e+20
4.05515493179999984e-21 2.92612499999999998e-01 9.93617800741213176e+20
4.06045578791999923e-21 2.93377999999999917e-01 9.96217192176874160e+20
4.06575664403999938e-21 2.94144499999999920e-01 9.98819979290439451e+20
4.07105750015999953e-21 2.94912000000000007e-01 1.00142616208190905e+21
4.07635835627999967e-21 2.95680500000000013e-01 1.00403574055128295e+21
4.08165921239999982e-21 2.96449999999999991e-01 1.00664871469856103e+21
4.08696006851999921e-21 2.97220499999999943e-01 1.00926508452374276e+21
4.09226092463999936e-21 2.97991999999999924e-01 1.01188485002682919e+21
4.09756178075999950e-21 2.98764499999999933e-01 1.01450801120781966e+21
4.10286263687999965e-21 2.99538000000000026e-01 1.01713456806671444e+21
4.10816349299999980e-21 3.00312500000000038e-01 1.01976452060351352e+21
4.11346434911999919e-21 3.01087999999999911e-01 1.02239786881821626e+21
4.11876520523999934e-21 3.01864499999999925e-01 1.02503461271082369e+21
4.12406606135999948e-21 3.02641999999999911e-01 1.02767475228133517e+21
4.12936691747999963e-21 3.03420500000000037e-01 1.03031828752975095e+21
4.13466777359999978e-21 3.04200000000000026e-01 1.03296521845607105e+21
4.13996862971999917e-21 3.04980499999999932e-01 1.03561554506029452e+21
4.14526948583999932e-21 3.05761999999999923e-01 1.03826926734242297e+21
4.15057034195999946e-21 3.06544499999999942e-01 1.04092638530245558e+21
4.15587119807999961e-21 3.07328000000000046e-01 1.04358689894039237e+21
4.16117205419999976e-21 3.08112500000000011e-01 1.04625080825623321e+21
4.16647291031999915e-21 3.08897999999999950e-01 1.04891811324997796e+21
4.17177376643999930e-21 3.09684499999999918e-01 1.05158881392162728e+21
4.17707462255999944e-21 3.10471999999999915e-01 1.05426291027118090e+21
4.18237547867999959e-21 3.11260500000000051e-01 1.05694040229863843e+21
4.18767633479999974e-21 3.12050000000000050e-01 1.05962129000400041e+21
4.19297719091999988e-21 3.12840500000000021e-01 1.06230557338726656e+21
4.19827804703999928e-21 3.13631999999999966e-01 1.06499325244843649e+21
4.20357890315999942e-21 3.14424499999999940e-01 1.06768432718751085e+21
4.20887975927999957e-21 3.15217999999999943e-01 1.07037879760448966e+21
4.21418061539999971e-21 3.16012500000000029e-01 1.07307666369937238e+21
4.21948147151999986e-21 3.16808000000000034e-01 1.07577792547215953e+21
4.22478232763999925e-21 3.17604499999999956e-01 1.07848258292285047e+21
4.23008318375999940e-21 3.18401999999999963e-01 1.08119063605144597e+21
4.23538403987999955e-21 3.19200499999999943e-01 1.08390208485794552e+21
4.24068489599999969e-21 3.20000000000000062e-01 1.08661692934234938e+21
4.24598575211999984e-21 3.20800500000000044e-01 1.08933516950465754e+21
4.25128660823999923e-21 3.21601999999999943e-01 1.09205680534486935e+21
4.25658746435999938e-21 3.22404499999999927e-01 1.09478183686298573e+21
4.26188832047999953e-21 3.23207999999999940e-01 1.09751026405900642e+21
4.26718917659999967e-21 3.24012500000000037e-01 1.10024208693293128e+21
4.27249003271999982e-21 3.24818000000000051e-01 1.10297730548476019e+21
4.27779088883999921e-21 3.25624499999999928e-01 1.10571591971449314e+21
4.28309174495999936e-21 3.26431999999999944e-01 1.10845792962213052e+21
4.28839260107999951e-21 3.27240499999999934e-01 1.11120333520767209e+21
4.29369345719999965e-21 3.28049999999999953e-01 1.11395213647111782e+21
4.29899431331999980e-21 3.28860500000000056e-01 1.11670433341246774e+21
4.30429516943999919e-21 3.29671999999999965e-01 1.11945992603172169e+21
4.30959602555999934e-21 3.30484499999999959e-01 1.12221891432888009e+21
4.31489688167999949e-21 3.31297999999999981e-01 1.12498129830394252e+21
4.32019773779999963e-21 3.32112499999999977e-01 1.12774707795690940e+21
4.32549859391999978e-21 3.32928000000000057e-01 1.13051625328778032e+21
4.33079945003999917e-21 3.33744499999999944e-01 1.13328882429655502e+21
4.33610030615999932e-21 3.34561999999999971e-01 1.13606479098323442e+21
4.34140116227999946e-21 3.35380499999999970e-01 1.13884415334781813e+21
4.34670201839999961e-21 3.36199999999999943e-01 1.14162691139030575e+21
4.35200287451999976e-21 3.37020500000000056e-01 1.14441306511069767e+21
4.35730373063999915e-21 3.37841999999999976e-01 1.14720261450899351e+21
4.36260458675999930e-21 3.38664499999999979e-01 1.14999555958519379e+21
4.36790544287999944e-21 3.39487999999999956e-01 1.15279190033929824e+21
4.37320629899999959e-21 3.40312499999999962e-01 1.15559163677130713e+21
4.37850715511999974e-21 3.41137999999999941e-01 1.15839476888121993e+21
4.38380801123999913e-21 3.41964499999999894e-01 1.16120129666903677e+21
4.38910886735999928e-21 3.42791999999999986e-01 1.16401122013475806e+21
4.39440972347999942e-21 3.43620499999999940e-01 1.16682453927838351e+21
4.39971057959999957e-21 3.44449999999999978e-01 1.16964125409991315e+21
4.40501143571999972e-21 3.45280499999999990e-01 1.17246136459934709e+21
4.41031229183999986e-21 3.46112000000000086e-01 1.17528487077668520e+21
4.41561314795999926e-21 3.46944499999999989e-01 1.17811177263192710e+21
4.42091400407999940e-21 3.47777999999999976e-01 1.18094207016507356e+21
4.42621486019999955e-21 3.48612499999999992e-01 1.18377576337612420e+21
4.43151571631999970e-21 3.49447999999999981e-01 1.18661285226507901e+21
4.43681657243999984e-21 3.50284500000000054e-01 1.18945333683193800e+21
4.44211742855999924e-21 3.51121999999999990e-01 1.19229721707670117e+21
4.44741828467999938e-21 3.51960499999999954e-01 1.19514449299936851e+21
4.45271914079999953e-21 3.52799999999999947e-01 1.19799516459994028e+21
4.45801999691999967e-21 3.53640499999999969e-01 1.20084923187841597e+21
4.46332085303999982e-21 3.54482000000000075e-01 1.20370669483479584e+21
4.46862170915999921e-21 3.55324499999999877e-01 1.20656755346907988e+21
4.47392256527999936e-21 3.56167999999999985e-01 1.20943180778126836e+21
4.47922342139999951e-21 3.57012499999999955e-01 1.21229945777136075e+21
4.48452427751999965e-21 3.57857999999999954e-01 1.21517050343935758e+21
4.48982513363999980e-21 3.58704499999999982e-01 1.21804494478525884e+21
4.49512598975999919e-21 3.59551999999999872e-01 1.22092278180906349e+21
4.50042684587999934e-21 3.60400499999999957e-01 1.22380401451077311e+21
4.50572770199999949e-21 3.61249999999999960e-01 1.22668864289038664e+21
4.51102855811999963e-21 3.62100499999999992e-01 1.22957666694790434e+21
4.51632941423999978e-21 3.62951999999999997e-01 1.23246808668332622e+21
4.52163027035999917e-21 3.63804499999999864e-01 1.23536290209665201e+21
4.52693112647999932e-21 3.64657999999999982e-01 1.23826111318788250e+21
4.53223198259999947e-21 3.65512499999999962e-01 1.24116271995701690e+21
4.53753283871999961e-21 3.66367999999999971e-01 1.24406772240405574e+21
4.54283369483999976e-21 3.67224500000000009e-01 1.24697612052899850e+21
4.54813455095999915e-21 3.68081999999999909e-01 1.24988791433184543e+21
4.55343540707999930e-21 3.68940499999999894e-01 1.25280310381259679e+21
4.55873626319999945e-21 3.69799999999999962e-01 1.25572168897125233e+21
4.56403711931999959e-21 3.70660500000000004e-01 1.25864366980781205e+21
4.56933797543999974e-21 3.71521999999999963e-01 1.26156904632227594e+21
4.57463883155999913e-21 3.72384499999999896e-01 1.26449781851464401e+21
4.57993968767999928e-21 3.73247999999999913e-01 1.26742998638491625e+21
4.58524054379999942e-21 3.74112500000000014e-01 1.27036554993309267e+21
4.59054139991999957e-21 3.74977999999999978e-01 1.27330450915917326e+21
4.59584225603999972e-21 3.75844499999999970e-01 1.27624686406315829e+21
4.60114311215999911e-21 3.76711999999999880e-01 1.27919261464504697e+21
4.60644396827999926e-21 3.77580499999999875e-01 1.28214176090484009e+21
4.61174482439999940e-21 3.78450000000000009e-01 1.28509430284253764e+21
4.61704568051999955e-21 3.79320500000000005e-01 1.28805024045813937e+21
4.62234653663999970e-21 3.80191999999999974e-01 1.29100957375164527e+21
4.62764739275999909e-21 3.81064499999999917e-01 1.29397230272305483e+21
4.63294824887999924e-21 3.81937999999999889e-01 1.29693842737236908e+21
4.63824910499999938e-21 3.82812500000000000e-01 1.29990794769958778e+21
4.64354996111999953e-21 3.83687999999999974e-01 1.30288086370471038e+21
4.64885081723999968e-21 3.84564499999999976e-01 1.30585717538773716e+21
4.65415167335999982e-21 3.85442000000000007e-01 1.30883688274866864e+21
4.65945252947999922e-21 3.86320499999999900e-01 1.31181998578750299e+21
4.66475338559999936e-21 3.87199999999999933e-01 1.31480648450424255e+21
4.67005424171999951e-21 3.88080499999999995e-01 1.31779637889888630e+21
4.67535509783999966e-21 3.88962000000000030e-01 1.32078966897143395e+21
4.68065595395999980e-21 3.89844499999999983e-01 1.32378635472188604e+21
4.68595681007999920e-21 3.90727999999999909e-01 1.32678643615024179e+21
4.69125766619999934e-21 3.91612499999999919e-01 1.32978991325650223e+21
4.69655852231999949e-21 3.92498000000000014e-01 1.33279678604066685e+21
4.70185937843999963e-21 3.93384500000000026e-01 1.33580705450273564e+21
4.70716023455999978e-21 3.94272000000000011e-01 1.33882071864270861e+21
4.71246109067999917e-21 3.95160499999999915e-01 1.34183777846058523e+21
4.71776194679999932e-21 3.96049999999999902e-01 1.34485823395636681e+21
4.72306280291999947e-21 3.96940500000000029e-01 1.34788208513005230e+21
4.72836365903999961e-21 3.97832000000000019e-01 1.35090933198164224e+21
4.73366451515999976e-21 3.98724500000000037e-01 1.35393997451113634e+21
4.73896537127999915e-21 3.99617999999999918e-01 1.35697401271853410e+21
4.74426622739999930e-21 4.00512499999999938e-01 1.36001144660383656e+21
4.74956708351999945e-21 4.01407999999999932e-01 1.36305227616704292e+21
4.75486793963999959e-21 4.02304500000000009e-01 1.36609650140815373e+21
4.76016879575999974e-21 4.03202000000000005e-01 1.36914412232716845e+21
4.76546965187999913e-21 4.04100499999999918e-01 1.37219513892408735e+21
4.77077050799999928e-21 4.04999999999999916e-01 1.37524955119891068e+21
4.77607136411999943e-21 4.05900499999999942e-01 1.37830735915163818e+21
4.78137222023999957e-21 4.06801999999999997e-01 1.38136856278227013e+21
4.78667307635999972e-21 4.07704500000000025e-01 1.38443316209080572e+21
4.79197393247999911e-21 4.08607999999999916e-01 1.38750115707724549e+21
4.79727478859999926e-21 4.09512499999999946e-01 1.39057254774158996e+21
4.80257564471999941e-21 4.10417999999999950e-01 1.39364733408383835e+21
4.80787650083999955e-21 4.11324500000000037e-01 1.39672551610399116e+21
4.81317735695999970e-21 4.12232000000000043e-01 1.39980709380204816e+21
4.81847821307999909e-21 4.13140499999999911e-01 1.40289206717800854e+21
4.82377906919999924e-21 4.14049999999999918e-01 1.40598043623187389e+21
4.82907992531999938e-21 4.14960499999999954e-01 1.40907220096364367e+21
4.83438078143999953e-21 4.15871999999999908e-01 1.41216736137331710e+21
4.83968163755999968e-21 4.16784500000000058e-01 1.41526591746089524e+21
4.84498249367999907e-21 4.17697999999999903e-01 1.41836786922637650e+21
4.85028334979999922e-21 4.18612499999999943e-01 1.42147321666976298e+21
4.85558420591999936e-21 4.19527999999999957e-01 1.42458195979105337e+21
4.86088506203999951e-21 4.20444499999999943e-01 1.42769409859024794e+21
4.86618591815999966e-21 4.21362000000000014e-01 1.43080963306734695e+21
4.87148677427999980e-21 4.22280500000000059e-01 1.43392856322234987e+21
4.87678763039999920e-21 4.23199999999999910e-01 1.43705088905525697e+21
4.88208848651999934e-21 4.24120499999999956e-01 1.44017661056606798e+21
4.88738934263999949e-21 4.25041999999999920e-01 1.44330572775478369e+21
4.89269019875999964e-21 4.25964500000000024e-01 1.44643824062140383e+21
4.89799105487999978e-21 4.26888000000000045e-01 1.44957414916592763e+21
4.90329191099999918e-21 4.27812499999999929e-01 1.45271345338835534e+21
4.90859276711999932e-21 4.28737999999999952e-01 1.45585615328868775e+21
4.91389362323999947e-21 4.29664499999999949e-01 1.45900224886692459e+21
4.91919447935999961e-21 4.30592000000000030e-01 1.46215174012306535e+21
4.92449533547999976e-21 4.31520500000000029e-01 1.46530462705711029e+21
4.92979619159999916e-21 4.32449999999999946e-01 1.46846090966905913e+21
4.93509704771999930e-21 4.33380499999999946e-01 1.47162058795891242e+21
4.94039790383999945e-21 4.34311999999999920e-01 1.47478366192667014e+21
4.94569875995999959e-21 4.35244499999999923e-01 1.47795013157233204e+21
4.95099961607999974e-21 4.36178000000000066e-01 1.48111999689589758e+21
4.95630047219999913e-21 4.37112499999999959e-01 1.48429325789736731e+21
4.96160132831999928e-21 4.38047999999999937e-01 1.48746991457674173e+21
4.96690218443999943e-21 4.38984499999999944e-01 1.49064996693402059e+21
4.97220304055999957e-21 4.39921999999999924e-01 1.49383341496920284e+21
4.97750389667999972e-21 4.40860500000000044e-01 1.49702025868229004e+21
4.98280475279999911e-21 4.41799999999999971e-01 1.50021049807328091e+21
4.98810560891999926e-21 4.42740499999999926e-01 1.50340413314217646e+21
4.99340646503999941e-21 4.43681999999999965e-01 1.50660116388897568e+21
4.99870732115999955e-21 4.44624499999999978e-01 1.50980159031367932e+21
5.00400817727999970e-21 4.45568000000000075e-01 1.51300541241628741e+21
5.00930903339999909e-21 4.46512499999999979e-01 1.51621263019679914e+21
5.01460988951999924e-21 4.47457999999999967e-01 1.51942324365521532e+21
5.01991074563999939e-21 4.48404499999999928e-01 1.52263725279153593e+21
5.02521160175999953e-21 4.49351999999999974e-01 1.52585465760576045e+21
5.03051245787999968e-21 4.50300499999999937e-01 1.52907545809788915e+21
5.03581331399999907e-21 4.51249999999999873e-01 1.53229965426792202e+21
5.04111417011999922e-21 4.52200499999999950e-01 1.53552724611585933e+21
5.04641502623999936e-21 4.53151999999999944e-01 1.53875823364170082e+21
5.05171588235999951e-21 4.54104499999999967e-01 1.54199261684544674e+21
5.05701673847999966e-21 4.55057999999999963e-01 1.54523039572709632e+21
5.06231759459999905e-21 4.56012499999999876e-01 1.54847157028665006e+21
5.06761845071999920e-21 4.56967999999999985e-01 1.55171614052410799e+21
5.07291930683999934e-21 4.57924499999999957e-01 1.55496410643947087e+21
5.07822016295999949e-21 4.58881999999999957e-01 1.55821546803273741e+21
5.08352101907999964e-21 4.59840499999999985e-01 1.56147022530390812e+21
5.08882187519999903e-21 4.60799999999999876e-01 1.56472837825298275e+21
5.09412273131999918e-21 4.61760499999999963e-01 1.56798992687996181e+21
5.09942358743999932e-21 4.62721999999999967e-01 1.57125487118484557e+21
5.10472444355999947e-21 4.63684499999999944e-01 1.57452321116763298e+21
5.11002529967999962e-21 4.64647999999999950e-01 1.57779494682832483e+21
5.11532615579999976e-21 4.65612500000000096e-01 1.58107007816692086e+21
5.12062701191999916e-21 4.66577999999999882e-01 1.58434860518342053e+21
5.12592786803999930e-21 4.67544499999999974e-01 1.58763052787782517e+21
5.13122872415999945e-21 4.68511999999999984e-01 1.59091584625013345e+21
5.13652958027999960e-21 4.69480499999999967e-01 1.59420456030034670e+21
5.14183043639999974e-21 4.70449999999999979e-01 1.59749667002846334e+21
5.14713129251999914e-21 4.71420499999999854e-01 1.60079217543448442e+21
5.15243214863999928e-21 4.72391999999999979e-01 1.60409107651840940e+21
5.15773300475999943e-21 4.73364499999999966e-01 1.60739337328023909e+21
5.16303386087999957e-21 4.74337999999999982e-01 1.61069906571997269e+21
5.16833471699999972e-21 4.75312499999999971e-01 1.61400815383761073e+21
5.17363557311999912e-21 4.76287999999999878e-01 1.61732063763315268e+21
5.17893642923999926e-21 4.77264499999999980e-01 1.62063651710659881e+21
5.18423728535999941e-21 4.78242000000000000e-01 1.62395579225794911e+21
5.18953814147999955e-21 4.79220499999999994e-01 1.62727846308720384e+21
5.19483899759999970e-21 4.80199999999999960e-01 1.63060452959436302e+21
5.20013985371999909e-21 4.81180499999999900e-01 1.63393399177942585e+21
5.20544070983999924e-21 4.82161999999999868e-01 1.63726684964239285e+21
5.21074156595999939e-21 4.83144499999999977e-01 1.64060310318326481e+21
5.21604242207999953e-21 4.84128000000000003e-01 1.64394275240204042e+21
5.22134327819999968e-21 4.85112500000000002e-01 1.64728579729872047e+21
5.22664413431999907e-21 4.86097999999999864e-01 1.65063223787330365e+21
5.23194499043999922e-21 4.87084499999999865e-01 1.65398207412579205e+21
5.23724584655999937e-21 4.88072000000000006e-01 1.65733530605618437e+21
5.24254670267999951e-21 4.89060500000000009e-01 1.66069193366448112e+21
5.24784755879999966e-21 4.90049999999999986e-01 1.66405195695068230e+21
5.25314841491999905e-21 4.91040499999999880e-01 1.66741537591478662e+21
5.25844927103999920e-21 4.92031999999999858e-01 1.67078219055679642e+21
5.26375012715999935e-21 4.93024499999999977e-01 1.67415240087670961e+21
5.26905098327999949e-21 4.94018000000000013e-01 1.67752600687452724e+21
5.27435183939999964e-21 4.95012500000000022e-01 1.68090300855024930e+21
5.27965269551999903e-21 4.96007999999999893e-01 1.68428340590387475e+21
5.28495355163999918e-21 4.97004499999999905e-01 1.68766719893540490e+21
5.29025440775999932e-21 4.98002000000000000e-01 1.69105438764483923e+21
5.29555526387999947e-21 4.99000500000000013e-01 1.69444497203217800e+21
5.30085611999999962e-21 5.00000000000000000e-01 1.69783895209742094e+21
