# Synthetic Debye; axis unit and DOS unit recorded in material_results.json
0.00000000000000000e+00 0.00000000000000000e+00 0.00000000000000000e+00
3.30853415753908711e-02 4.99999999999999977e-07 2.72023789734553275e-07
6.61706831507817422e-02 1.99999999999999991e-06 1.08809515893821310e-06
9.92560247261726064e-02 4.50000000000000011e-06 2.44821410761097900e-06
1.32341366301563484e-01 7.99999999999999964e-06 4.35238063575285240e-06
1.65426707876954349e-01 1.25000000000000006e-05 6.80059474336383013e-06
1.98512049452345213e-01 1.80000000000000005e-05 9.79285643044391600e-06
2.31597391027736077e-01 2.44999999999999958e-05 1.33291656969931092e-05
2.64682732603126969e-01 3.19999999999999986e-05 1.74095225430114096e-05
2.97768074178517805e-01 4.04999999999999951e-05 2.20339269684988140e-05
3.30853415753908697e-01 5.00000000000000024e-05 2.72023789734553205e-05
3.63938757329299534e-01 6.04999999999999730e-05 3.29148785578809361e-05
3.97024098904690426e-01 7.20000000000000018e-05 3.91714257217756640e-05
4.30109440480081318e-01 8.45000000000000211e-05 4.59720204651395111e-05
4.63194782055472154e-01 9.79999999999999833e-05 5.33166627879724366e-05
4.96280123630862990e-01 1.12499999999999970e-04 6.12053526902744678e-05
5.29365465206253938e-01 1.27999999999999994e-04 6.96380901720456384e-05
5.62450806781644830e-01 1.44500000000000016e-04 7.86148752332859011e-05
5.95536148357035611e-01 1.61999999999999980e-04 8.81357078739952558e-05
6.28621489932426503e-01 1.80499999999999996e-04 9.82005880941737297e-05
6.61706831507817395e-01 2.00000000000000010e-04 1.08809515893821282e-04
6.94792173083208286e-01 2.20500000000000020e-04 1.19962491272938035e-04
7.27877514658599067e-01 2.41999999999999892e-04 1.31659514231523744e-04
7.60962856233989959e-01 2.64499999999999924e-04 1.43900584769578654e-04
7.94048197809380851e-01 2.88000000000000007e-04 1.56685702887102656e-04
8.27133539384771743e-01 3.12500000000000061e-04 1.70014868584095804e-04
8.60218880960162635e-01 3.38000000000000084e-04 1.83888081860558044e-04
8.93304222535553416e-01 3.64499999999999915e-04 1.98305342716489322e-04
9.26389564110944308e-01 3.91999999999999933e-04 2.13266651151889746e-04
9.59474905686335200e-01 4.20500000000000030e-04 2.28772007166759317e-04
9.92560247261725981e-01 4.49999999999999879e-04 2.44821410761097871e-04
1.02564558883711698e+00 4.80499999999999862e-04 2.61414861934905680e-04
1.05873093041250788e+00 5.11999999999999977e-04 2.78552360688182554e-04
1.09181627198789877e+00 5.44500000000000062e-04 2.96233907020928492e-04
1.12490161356328966e+00 5.78000000000000063e-04 3.14459500933143604e-04
1.15798695513868033e+00 6.12499999999999872e-04 3.33229142424827727e-04
1.19107229671407122e+00 6.47999999999999922e-04 3.52542831495981023e-04
1.22415763828946211e+00 6.84499999999999887e-04 3.72400568146603384e-04
1.25724297986485301e+00 7.21999999999999986e-04 3.92802352376694919e-04
1.29032832144024390e+00 7.60500000000000000e-04 4.13748184186255410e-04
1.32341366301563479e+00 8.00000000000000038e-04 4.35238063575285128e-04
1.35649900459102568e+00 8.40500000000000101e-04 4.57271990543784074e-04
1.38958434616641657e+00 8.82000000000000080e-04 4.79849965091752140e-04
1.42266968774180746e+00 9.24500000000000191e-04 5.02971987219189053e-04
1.45575502931719813e+00 9.67999999999999568e-04 5.26638056926094977e-04
1.48884037089258903e+00 1.01249999999999951e-03 5.50848174212470237e-04
1.52192571246797992e+00 1.05799999999999970e-03 5.75602339078314616e-04
1.55501105404337081e+00 1.10450000000000001e-03 6.00900551523628115e-04
1.58809639561876170e+00 1.15200000000000003e-03 6.26742811548410624e-04
1.62118173719415259e+00 1.20050000000000018e-03 6.53129119152662469e-04
1.65426707876954349e+00 1.25000000000000024e-03 6.80059474336383216e-04
1.68735242034493438e+00 1.30050000000000022e-03 7.07533877099573083e-04
1.72043776192032527e+00 1.35200000000000034e-03 7.35552327442232177e-04
1.75352310349571594e+00 1.40449999999999950e-03 7.64114825364359956e-04
1.78660844507110683e+00 1.45799999999999966e-03 7.93221370865957289e-04
1.81969378664649772e+00 1.51249999999999974e-03 8.22871963947023524e-04
1.85277912822188862e+00 1.56799999999999973e-03 8.53066604607558986e-04
1.88586446979727951e+00 1.62449999999999964e-03 8.83805292847563567e-04
1.91894981137267040e+00 1.68200000000000012e-03 9.15088028667037268e-04
1.95203515294806129e+00 1.74050000000000029e-03 9.46914812065980088e-04
1.98512049452345196e+00 1.79999999999999952e-03 9.79285643044391484e-04
2.01820583609884308e+00 1.86049999999999952e-03 1.01220052160227265e-03
2.05129117767423397e+00 1.92199999999999945e-03 1.04565944773962272e-03
2.08437651924962486e+00 1.98450000000000015e-03 1.07966242145644169e-03
2.11746186082501575e+00 2.04799999999999991e-03 1.11420944275273021e-03
2.15054720240040664e+00 2.11250000000000023e-03 1.14930051162848764e-03
2.18363254397579754e+00 2.17800000000000025e-03 1.18493562808371397e-03
2.21671788555118843e+00 2.24450000000000040e-03 1.22111479211840963e-03
2.24980322712657932e+00 2.31200000000000025e-03 1.25783800373257442e-03
2.28288856870196977e+00 2.38049999999999937e-03 1.29510526292620767e-03
2.31597391027736066e+00 2.44999999999999949e-03 1.33291656969931091e-03
2.34905925185275155e+00 2.52049999999999974e-03 1.37127192405188283e-03
2.38214459342814244e+00 2.59199999999999969e-03 1.41017132598392409e-03
2.41522993500353333e+00 2.66449999999999977e-03 1.44961477549543447e-03
2.44831527657892423e+00 2.73799999999999955e-03 1.48960227258641354e-03
2.48140061815431512e+00 2.81249999999999990e-03 1.53013381725686237e-03
2.51448595972970601e+00 2.88799999999999994e-03 1.57120940950677968e-03
2.54757130130509690e+00 2.96450000000000012e-03 1.61282904933616610e-03
2.58065664288048779e+00 3.04200000000000000e-03 1.65499273674502164e-03
2.61374198445587869e+00 3.12050000000000001e-03 1.69770047173334673e-03
2.64682732603126958e+00 3.20000000000000015e-03 1.74095225430114051e-03
2.67991266760666003e+00 3.28049999999999913e-03 1.78474808444840363e-03
2.71299800918205136e+00 3.36200000000000040e-03 1.82908796217513630e-03
2.74608335075744181e+00 3.44449999999999921e-03 1.87397188748133700e-03
2.77916869233283315e+00 3.52800000000000032e-03 1.91939986036700856e-03
2.81225403390822359e+00 3.61249999999999939e-03 1.96537188083214685e-03
2.84533937548361493e+00 3.69800000000000077e-03 2.01188794887675621e-03
2.87842471705900538e+00 3.78449999999999967e-03 2.05894806450083361e-03
2.91151005863439627e+00 3.87199999999999827e-03 2.10655222770437991e-03
2.94459540020978716e+00 3.96049999999999961e-03 2.15470043848739684e-03
2.97768074178517805e+00 4.04999999999999805e-03 2.20339269684988095e-03
3.01076608336056895e+00 4.14050000000000008e-03 2.25262900279183569e-03
3.04385142493595984e+00 4.23199999999999878e-03 2.30240935631325846e-03
3.07693676651135073e+00 4.32450000000000022e-03 2.35273375741415144e-03
3.11002210808674162e+00 4.41800000000000005e-03 2.40360220609451246e-03
3.14310744966213296e+00 4.51250000000000002e-03 2.45501470235434368e-03
3.17619279123752341e+00 4.60800000000000012e-03 2.50697124619364249e-03
3.20927813281291385e+00 4.70449999999999861e-03 2.55947183761241108e-03
3.24236347438830519e+00 4.80200000000000071e-03 2.61251647661064988e-03
3.27544881596369564e+00 4.90049999999999947e-03 2.66610516318835627e-03
3.30853415753908697e+00 5.00000000000000097e-03 2.72023789734553286e-03
3.34161949911447742e+00 5.10049999999999913e-03 2.77491467908217793e-03
3.37470484068986876e+00 5.20200000000000089e-03 2.83013550839829233e-03
3.40779018226525920e+00 5.30449999999999932e-03 2.88590038529387520e-03
3.44087552384065054e+00 5.40800000000000135e-03 2.94220930976892871e-03
3.47396086541604143e+00 5.51249999999999917e-03 2.99906228182345025e-03
3.50704620699143188e+00 5.61799999999999800e-03 3.05645930145743983e-03
3.54013154856682322e+00 5.72449999999999955e-03 3.11440036867090047e-03
3.57321689014221366e+00 5.83199999999999864e-03 3.17288548346382916e-03
3.60630223171760500e+00 5.94049999999999960e-03 3.23191464583622761e-03
3.63938757329299545e+00 6.04999999999999896e-03 3.29148785578809409e-03
3.67247291486838678e+00 6.16050000000000018e-03 3.35160511331943078e-03
3.70555825644377723e+00 6.27199999999999893e-03 3.41226641843023594e-03
3.73864359801916768e+00 6.38449999999999868e-03 3.47347177112050957e-03
3.77172893959455902e+00 6.49799999999999857e-03 3.53522117139025427e-03
3.80481428116994991e+00 6.61249999999999859e-03 3.59751461923946700e-03
3.83789962274534080e+00 6.72800000000000047e-03 3.66035211466814907e-03
3.87098496432073169e+00 6.84449999999999902e-03 3.72373365767629918e-03
3.90407030589612258e+00 6.96200000000000117e-03 3.78765924826392035e-03
3.93715564747151348e+00 7.08049999999999912e-03 3.85212888643100869e-03
3.97024098904690392e+00 7.19999999999999807e-03 3.91714257217756594e-03
4.00332633062229526e+00 7.32049999999999975e-03 3.98270030550359425e-03
4.03641167219768615e+00 7.44199999999999810e-03 4.04880208640909060e-03
4.06949701377307704e+00 7.56450000000000004e-03 4.11544791489405672e-03
4.10258235534846794e+00 7.68799999999999779e-03 4.18263779095849088e-03
4.13566769692385883e+00 7.81250000000000000e-03 4.25037171460239480e-03
4.16875303849924972e+00 7.93800000000000061e-03 4.31864968582576676e-03
4.20183838007464061e+00 8.06450000000000049e-03 4.38747170462860936e-03
4.23492372165003150e+00 8.19199999999999963e-03 4.45683777101092086e-03
4.26800906322542151e+00 8.32049999999999630e-03 4.52674788497269952e-03
4.30109440480081329e+00 8.45000000000000091e-03 4.59720204651395056e-03
4.33417974637620329e+00 8.58049999999999785e-03 4.66820025563466877e-03
4.36726508795159507e+00 8.71200000000000099e-03 4.73974251233485588e-03
4.40035042952698507e+00 8.84449999999999646e-03 4.81182881661451189e-03
4.43343577110237685e+00 8.97800000000000160e-03 4.88445916847363854e-03
4.46652111267776686e+00 9.11249999999999734e-03 4.95763356791223322e-03
4.49960645425315864e+00 9.24800000000000101e-03 5.03135201493029767e-03
4.53269179582854864e+00 9.38449999999999701e-03 5.10561450952783016e-03
4.56577713740393953e+00 9.52199999999999748e-03 5.18042105170483068e-03
4.59886247897933043e+00 9.66049999999999721e-03 5.25577164146130357e-03
4.63194782055472132e+00 9.79999999999999795e-03 5.33166627879724363e-03
4.66503316213011221e+00 9.94049999999999795e-03 5.40810496371265433e-03
4.69811850370550310e+00 1.00819999999999989e-02 5.48508769620753133e-03
4.73120384528089488e+00 1.02244999999999975e-02 5.56261447628188070e-03
4.76428918685628489e+00 1.03679999999999987e-02 5.64068530393569637e-03
4.79737452843167578e+00 1.05124999999999993e-02 5.71930017916898181e-03
4.83045987000706667e+00 1.06579999999999991e-02 5.79845910198173789e-03
4.86354521158245756e+00 1.08044999999999981e-02 5.87816207237396113e-03
4.89663055315784845e+00 1.09519999999999982e-02 5.95840909034565415e-03
4.92971589473323935e+00 1.11004999999999993e-02 6.03920015589681693e-03
4.96280123630863024e+00 1.12499999999999996e-02 6.12053526902744949e-03
4.99588657788402113e+00 1.14004999999999992e-02 6.20241442973754921e-03
5.02897191945941202e+00 1.15519999999999998e-02 6.28483763802711870e-03
5.06205726103480291e+00 1.17044999999999996e-02 6.36780489389615709e-03
5.09514260261019380e+00 1.18580000000000005e-02 6.45131619734466439e-03
5.12822794418558470e+00 1.20125000000000006e-02 6.53537154837264146e-03
5.16131328576097559e+00 1.21680000000000000e-02 6.61997094698008656e-03
5.19439862733636648e+00 1.23245000000000004e-02 6.70511439316700316e-03
5.22748396891175737e+00 1.24820000000000000e-02 6.79080188693338693e-03
5.26056931048714826e+00 1.26405000000000007e-02 6.87703342827924134e-03
5.29365465206253916e+00 1.28000000000000006e-02 6.96380901720456205e-03
5.32673999363792916e+00 1.29604999999999963e-02 7.05112865370935427e-03
5.35982533521332005e+00 1.31219999999999965e-02 7.13899233779361451e-03
5.39291067678871183e+00 1.32845000000000012e-02 7.22740006945734627e-03
5.42599601836410272e+00 1.34480000000000016e-02 7.31635184870054519e-03
5.45908135993949362e+00 1.36124999999999961e-02 7.40584767552321215e-03
5.49216670151488362e+00 1.37779999999999968e-02 7.49588754992534800e-03
5.52525204309027540e+00 1.39445000000000020e-02 7.58647147190695623e-03
5.55833738466566629e+00 1.41120000000000013e-02 7.67759944146803423e-03
5.59142272624105718e+00 1.42804999999999981e-02 7.76927145860857593e-03
5.62450806781644719e+00 1.44499999999999976e-02 7.86148752332858740e-03
5.65759340939183808e+00 1.46204999999999981e-02 7.95424763562807037e-03
5.69067875096722986e+00 1.47920000000000031e-02 8.04755179550702485e-03
5.72376409254262075e+00 1.49644999999999986e-02 8.14140000296544389e-03
5.75684943411801076e+00 1.51379999999999987e-02 8.23579225800333443e-03
5.78993477569340165e+00 1.53124999999999980e-02 8.33072856062069302e-03
5.82302011726879254e+00 1.54879999999999931e-02 8.42620891081751963e-03
5.85610545884418432e+00 1.56644999999999979e-02 8.52223330859381949e-03
5.88919080041957432e+00 1.58419999999999984e-02 8.61880175394958738e-03
5.92227614199496522e+00 1.60205000000000000e-02 8.71591424688481983e-03
5.95536148357035611e+00 1.61999999999999922e-02 8.81357078739952379e-03
5.98844682514574789e+00 1.63804999999999992e-02 8.91177137549370099e-03
6.02153216672113789e+00 1.65620000000000003e-02 9.01051601116734276e-03
6.05461750829652878e+00 1.67444999999999990e-02 9.10980469442045429e-03
6.08770284987191967e+00 1.69279999999999951e-02 9.20963742525303386e-03
6.12078819144730968e+00 1.71124999999999958e-02 9.31001420366508320e-03
6.15387353302270146e+00 1.72980000000000009e-02 9.41093502965660578e-03
6.18695887459809235e+00 1.74845000000000000e-02 9.51239990322759292e-03
6.22004421617348324e+00 1.76720000000000002e-02 9.61440882437804983e-03
6.25312955774887413e+00 1.78604999999999944e-02 9.71696179310797478e-03
6.28621489932426591e+00 1.80500000000000001e-02 9.82005880941737470e-03
6.31930024089965592e+00 1.82404999999999998e-02 9.92369987330623746e-03
6.35238558247504681e+00 1.84320000000000005e-02 1.00278849847745700e-02
6.38547092405043770e+00 1.86244999999999952e-02 1.01326141438223740e-02
6.41855626562582771e+00 1.88179999999999945e-02 1.02378873504496443e-02
6.45164160720121949e+00 1.90125000000000016e-02 1.03437046046563896e-02
6.48472694877661038e+00 1.92080000000000028e-02 1.04500659064425995e-02
6.51781229035200127e+00 1.94044999999999947e-02 1.05569712558082774e-02
6.55089763192739127e+00 1.96019999999999979e-02 1.06644206527534251e-02
6.58398297350278305e+00 1.98005000000000021e-02 1.07724140972780460e-02
6.61706831507817395e+00 2.00000000000000039e-02 1.08809515893821315e-02
6.65015365665356484e+00 2.02004999999999962e-02 1.09900331290656867e-02
6.68323899822895484e+00 2.04019999999999965e-02 1.10996587163287117e-02
6.71632433980434573e+00 2.06044999999999978e-02 1.12098283511712048e-02
6.74940968137973751e+00 2.08080000000000036e-02 1.13205420335931693e-02
6.78249502295512841e+00 2.10124999999999965e-02 1.14317997635946002e-02
6.81558036453051841e+00 2.12179999999999973e-02 1.15436015411755008e-02
6.84866570610590930e+00 2.14244999999999991e-02 1.16559473663358712e-02
6.88175104768130108e+00 2.16320000000000054e-02 1.17688372390757148e-02
6.91483638925669197e+00 2.18404999999999988e-02 1.18822711593950213e-02
6.94792173083208286e+00 2.20499999999999967e-02 1.19962491272938010e-02
6.98100707240747287e+00 2.22604999999999990e-02 1.21107711427720453e-02
7.01409241398286376e+00 2.24719999999999920e-02 1.22258372058297593e-02
7.04717775555825554e+00 2.26844999999999998e-02 1.23414473164669483e-02
7.08026309713364643e+00 2.28979999999999982e-02 1.24576014746836019e-02
7.11334843870903644e+00 2.31124999999999976e-02 1.25742996804797235e-02
7.14643378028442733e+00 2.33279999999999946e-02 1.26915419338553166e-02
7.17951912185981822e+00 2.35444999999999925e-02 1.28093282348103760e-02
7.21260446343521000e+00 2.37619999999999984e-02 1.29276585833449104e-02
7.24568980501060000e+00 2.39804999999999983e-02 1.30465329794589094e-02
7.27877514658599090e+00 2.41999999999999958e-02 1.31659514231523764e-02
7.31186048816138179e+00 2.44204999999999943e-02 1.32859139144253131e-02
7.34494582973677357e+00 2.46420000000000007e-02 1.34064204532777231e-02
7.37803117131216357e+00 2.48645000000000012e-02 1.35274710397095994e-02
7.41111651288755446e+00 2.50879999999999957e-02 1.36490656737209438e-02
7.44420185446294536e+00 2.53124999999999947e-02 1.37712043553117579e-02
7.47728719603833536e+00 2.55379999999999947e-02 1.38938870844820383e-02
7.51037253761372714e+00 2.57645000000000027e-02 1.40171138612317971e-02
7.54345787918911803e+00 2.59919999999999943e-02 1.41408846855610171e-02
7.57654322076450892e+00 2.62204999999999973e-02 1.42651995574697068e-02
7.60962856233989982e+00 2.64499999999999943e-02 1.43900584769578680e-02
7.64271390391529160e+00 2.66805000000000028e-02 1.45154614440254973e-02
7.67579924549068160e+00 2.69120000000000019e-02 1.46414084586725963e-02
7.70888458706607249e+00 2.71444999999999950e-02 1.47678995208991633e-02
7.74196992864146338e+00 2.73779999999999961e-02 1.48949346307051967e-02
7.77505527021685339e+00 2.76124999999999982e-02 1.50225137880907033e-02
7.80814061179224517e+00 2.78480000000000047e-02 1.51506369930556814e-02
7.84122595336763606e+00 2.80844999999999984e-02 1.52793042456001223e-02
7.87431129494302695e+00 2.83219999999999965e-02 1.54085155457240348e-02
7.90739663651841695e+00 2.85604999999999991e-02 1.55382708934274135e-02
7.94048197809380785e+00 2.87999999999999923e-02 1.56685702887102637e-02
7.97356731966919963e+00 2.90404999999999969e-02 1.57994137315725890e-02
8.00665266124459052e+00 2.92819999999999990e-02 1.59308012220143770e-02
8.03973800281998052e+00 2.95244999999999987e-02 1.60627327600356348e-02
8.07282334439537230e+00 2.97679999999999924e-02 1.61952083456363624e-02
8.10590868597076408e+00 3.00124999999999975e-02 1.63282279788165598e-02
8.13899402754615409e+00 3.02580000000000002e-02 1.64617916595762269e-02
8.17207936912154409e+00 3.05045000000000004e-02 1.65958993879153568e-02
8.20516471069693587e+00 3.07519999999999911e-02 1.67305511638339635e-02
8.23825005227232587e+00 3.10004999999999933e-02 1.68657469873320330e-02
8.27133539384771765e+00 3.12500000000000000e-02 1.70014868584095792e-02
8.30442073542310766e+00 3.15005000000000007e-02 1.71377707770665882e-02
8.33750607699849944e+00 3.17520000000000024e-02 1.72745987433030670e-02
8.37059141857388944e+00 3.20044999999999982e-02 1.74119707571190156e-02
8.40367676014928122e+00 3.22580000000000019e-02 1.75498868185144374e-02
8.43676210172467123e+00 3.25124999999999997e-02 1.76883469274893290e-02
8.46984744330006301e+00 3.27679999999999985e-02 1.78273510840436834e-02
8.50293278487545301e+00 3.30244999999999983e-02 1.79668992881775076e-02
8.53601812645084301e+00 3.32819999999999852e-02 1.81069915398907981e-02
8.56910346802623479e+00 3.35405000000000009e-02 1.82476278391835688e-02
8.60218880960162657e+00 3.38000000000000037e-02 1.83888081860558023e-02
8.63527415117701658e+00 3.40605000000000005e-02 1.85305325805075020e-02
8.66835949275240658e+00 3.43219999999999914e-02 1.86728010225386751e-02
8.70144483432779836e+00 3.45845000000000041e-02 1.88156135121493144e-02
8.73453017590319014e+00 3.48480000000000040e-02 1.89589700493394235e-02
8.76761551747858014e+00 3.51125000000000048e-02 1.91028706341090024e-02
8.80070085905397015e+00 3.53779999999999858e-02 1.92473152664580476e-02
8.83378620062936193e+00 3.56444999999999887e-02 1.93923039463865660e-02
8.86687154220475371e+00 3.59120000000000064e-02 1.95378366738945541e-02
8.89995688378014371e+00 3.61805000000000043e-02 1.96839134489820086e-02
8.93304222535553372e+00 3.64499999999999894e-02 1.98305342716489329e-02
8.96612756693092550e+00 3.67204999999999893e-02 1.99776991418953269e-02
8.99921290850631728e+00 3.69920000000000040e-02 2.01254080597211907e-02
9.03229825008170728e+00 3.72645000000000060e-02 2.02736610251265208e-02
9.06538359165709728e+00 3.75379999999999880e-02 2.04224580381113206e-02
9.09846893323248906e+00 3.78124999999999920e-02 2.05717990986755903e-02
9.13155427480787907e+00 3.80879999999999899e-02 2.07216842068193227e-02
9.16463961638327085e+00 3.83645000000000097e-02 2.08721133625425423e-02
9.19772495795866085e+00 3.86419999999999889e-02 2.10230865658452143e-02
9.23081029953405263e+00 3.89204999999999898e-02 2.11746038167273595e-02
9.26389564110944264e+00 3.91999999999999918e-02 2.13266651151889745e-02
9.29698098268483264e+00 3.94804999999999948e-02 2.14792704612300593e-02
9.33006632426022442e+00 3.97619999999999918e-02 2.16324198548506173e-02
9.36315166583561620e+00 4.00444999999999898e-02 2.17861132960506382e-02
9.39623700741100620e+00 4.03279999999999958e-02 2.19403507848301253e-02
9.42932234898639798e+00 4.06124999999999958e-02 2.20951323211890857e-02
9.46240769056178976e+00 4.08979999999999899e-02 2.22504579051275228e-02
9.49549303213717977e+00 4.11844999999999919e-02 2.24063275366454193e-02
9.52857837371256977e+00 4.14719999999999950e-02 2.25627412157427855e-02
9.56166371528796155e+00 4.17604999999999921e-02 2.27196989424196215e-02
9.59474905686335156e+00 4.20499999999999971e-02 2.28772007166759273e-02
9.62783439843874334e+00 4.23404999999999962e-02 2.30352465385117063e-02
9.66091974001413334e+00 4.26319999999999963e-02 2.31938364079269516e-02
9.69400508158952512e+00 4.29244999999999974e-02 2.33529703249216632e-02
9.72709042316491512e+00 4.32179999999999925e-02 2.35126482894958445e-02
9.76017576474030690e+00 4.35124999999999956e-02 2.36728703016494992e-02
9.79326110631569691e+00 4.38079999999999928e-02 2.38336363613826166e-02
9.82634644789108869e+00 4.41044999999999979e-02 2.39949464686952073e-02
9.85943178946647869e+00 4.44019999999999970e-02 2.41568006235872677e-02
9.89251713104186869e+00 4.47004999999999972e-02 2.43191988260587945e-02
9.92560247261726047e+00 4.49999999999999983e-02 2.44821410761097980e-02
9.95868781419265225e+00 4.53004999999999936e-02 2.46456273737402573e-02
9.99177315576804226e+00 4.56019999999999967e-02 2.48096577189501968e-02
1.00248584973434323e+01 4.59045000000000009e-02 2.49742321117395923e-02
1.00579438389188240e+01 4.62079999999999991e-02 2.51393505521084748e-02
1.00910291804942158e+01 4.65124999999999983e-02 2.53050130400568132e-02
1.01241145220696058e+01 4.68179999999999985e-02 2.54712195755846284e-02
1.01571998636449958e+01 4.71244999999999997e-02 2.56379701586919098e-02
1.01902852052203876e+01 4.74320000000000019e-02 2.58052647893786576e-02
1.02233705467957794e+01 4.77404999999999982e-02 2.59731034676448855e-02
1.02564558883711694e+01 4.80500000000000024e-02 2.61414861934905658e-02
1.02895412299465594e+01 4.83605000000000007e-02 2.63104129669157229e-02
1.03226265715219512e+01 4.86720000000000000e-02 2.64798837879203462e-02
1.03557119130973412e+01 4.89844999999999794e-02 2.66498986565044463e-02
1.03887972546727330e+01 4.92980000000000015e-02 2.68204575726680126e-02
1.04218825962481230e+01 4.96125000000000038e-02 2.69915605364110488e-02
1.04549679378235147e+01 4.99280000000000002e-02 2.71632075477335477e-02
1.04880532793989047e+01 5.02444999999999836e-02 2.73353986066355199e-02
1.05211386209742965e+01 5.05620000000000028e-02 2.75081337131169654e-02
1.05542239625496865e+01 5.08805000000000021e-02 2.76814128671778702e-02
1.05873093041250783e+01 5.12000000000000025e-02 2.78552360688182482e-02
1.06203946457004701e+01 5.15205000000000038e-02 2.80296033180381064e-02
1.06534799872758583e+01 5.18419999999999853e-02 2.82045146148374171e-02
1.06865653288512501e+01 5.21645000000000025e-02 2.83799699592162079e-02
1.07196506704266401e+01 5.24879999999999861e-02 2.85559693511744581e-02
1.07527360120020319e+01 5.28124999999999845e-02 2.87325127907121884e-02
1.07858213535774237e+01 5.31380000000000047e-02 2.89096002778293851e-02
1.08189066951528137e+01 5.34644999999999843e-02 2.90872318125260411e-02
1.08519920367282054e+01 5.37920000000000065e-02 2.92654073948021808e-02
1.08850773783035955e+01 5.41204999999999881e-02 2.94441270246577728e-02
1.09181627198789872e+01 5.44499999999999845e-02 2.96233907020928486e-02
1.09512480614543790e+01 5.47805000000000028e-02 2.98031984271073906e-02
1.09843334030297672e+01 5.51119999999999874e-02 2.99835501997013920e-02
1.10174187446051590e+01 5.54445000000000077e-02 3.01644460198748771e-02
1.10505040861805508e+01 5.57780000000000081e-02 3.03458858876278249e-02
1.10835894277559408e+01 5.61124999999999888e-02 3.05278698029602391e-02
1.11166747693313326e+01 5.64480000000000051e-02 3.07103977658721369e-02
1.11497601109067226e+01 5.67844999999999878e-02 3.08934697763634768e-02
1.11828454524821144e+01 5.71219999999999922e-02 3.10770858344343037e-02
1.12159307940575061e+01 5.74605000000000046e-02 3.12612459400846074e-02
1.12490161356328944e+01 5.77999999999999903e-02 3.14459500933143496e-02
1.12821014772082862e+01 5.81405000000000116e-02 3.16311982941235928e-02
1.13151868187836762e+01 5.84819999999999923e-02 3.18169905425122815e-02
1.13482721603590679e+01 5.88244999999999879e-02 3.20033268384804573e-02
1.13813575019344597e+01 5.91680000000000123e-02 3.21902071820280994e-02
1.14144428435098497e+01 5.95124999999999890e-02 3.23776315731551939e-02
1.14475281850852415e+01 5.98579999999999945e-02 3.25656000118617756e-02
1.14806135266606297e+01 6.02044999999999941e-02 3.27541124981478166e-02
1.15136988682360215e+01 6.05519999999999947e-02 3.29431690320133377e-02
1.15467842098114133e+01 6.09005000000000102e-02 3.31327696134583252e-02
1.15798695513868033e+01 6.12499999999999920e-02 3.33229142424827721e-02
1.16129548929621951e+01 6.16004999999999955e-02 3.35136029190866991e-02
1.16460402345375851e+01 6.19519999999999724e-02 3.37048356432700785e-02
1.16791255761129769e+01 6.23044999999999918e-02 3.38966124150329451e-02
1.17122109176883686e+01 6.26579999999999915e-02 3.40889332343752779e-02
1.17452962592637569e+01 6.30124999999999991e-02 3.42817981012970771e-02
1.17783816008391486e+01 6.33679999999999938e-02 3.44752070157983495e-02
1.18114669424145404e+01 6.37245000000000172e-02 3.46691599778790813e-02
1.18445522839899304e+01 6.40820000000000001e-02 3.48636569875392793e-02
1.18776376255653222e+01 6.44404999999999978e-02 3.50586980447789576e-02
1.19107229671407122e+01 6.47999999999999687e-02 3.52542831495980952e-02
1.19438083087161040e+01 6.51604999999999962e-02 3.54504123019967129e-02
1.19768936502914958e+01 6.55219999999999969e-02 3.56470855019748040e-02
1.20099789918668840e+01 6.58844999999999986e-02 3.58443027495323474e-02
1.20430643334422758e+01 6.62480000000000013e-02 3.60420640446693710e-02
1.20761496750176658e+01 6.66124999999999773e-02 3.62403693873858540e-02
1.21092350165930576e+01 6.69779999999999959e-02 3.64392187776818172e-02
1.21423203581684493e+01 6.73445000000000016e-02 3.66386122155572536e-02
1.21754056997438393e+01 6.77119999999999805e-02 3.68385497010121354e-02
1.22084910413192311e+01 6.80805000000000021e-02 3.70390312340465044e-02
1.22415763828946194e+01 6.84499999999999831e-02 3.72400568146603328e-02
1.22746617244700111e+01 6.88204999999999928e-02 3.74416264428536483e-02
1.23077470660454029e+01 6.91920000000000035e-02 3.76437401186264231e-02
1.23408324076207929e+01 6.95644999999999736e-02 3.78463978419786573e-02
1.23739177491961847e+01 6.99380000000000002e-02 3.80495996129103717e-02
1.24070030907715765e+01 7.03125000000000000e-02 3.82533454314215593e-02
1.24400884323469665e+01 7.06880000000000008e-02 3.84576352975121993e-02
1.24731737739223583e+01 7.10645000000000027e-02 3.86624692111823265e-02
1.25062591154977483e+01 7.14419999999999777e-02 3.88678471724318991e-02
1.25393444570731400e+01 7.18204999999999955e-02 3.90737691812609658e-02
1.25724297986485318e+01 7.22000000000000003e-02 3.92802352376694988e-02
1.26055151402239201e+01 7.25804999999999784e-02 3.94872453416574773e-02
1.26386004817993118e+01 7.29619999999999991e-02 3.96947994932249498e-02
1.26716858233747018e+01 7.33444999999999792e-02 3.99028976923718817e-02
1.27047711649500936e+01 7.37280000000000019e-02 4.01115399390982799e-02
1.27378565065254854e+01 7.41124999999999978e-02 4.03207262334041652e-02
1.27709418481008754e+01 7.44979999999999809e-02 4.05304565752894960e-02
1.28040271896762672e+01 7.48845000000000066e-02 4.07407309647543070e-02
1.28371125312516554e+01 7.52719999999999778e-02 4.09515494017985773e-02
1.28701978728270472e+01 7.56604999999999778e-02 4.11629118864223278e-02
1.29032832144024390e+01 7.60500000000000065e-02 4.13748184186255585e-02
1.29363685559778290e+01 7.64404999999999807e-02 4.15872689984082278e-02
1.29694538975532208e+01 7.68320000000000114e-02 4.18002636257703980e-02
1.30025392391286108e+01 7.72244999999999876e-02 4.20138023007120068e-02
1.30356245807040025e+01 7.76179999999999787e-02 4.22278850232331096e-02
1.30687099222793943e+01 7.80125000000000124e-02 4.24425117933336787e-02
1.31017952638547825e+01 7.84079999999999916e-02 4.26576826110137003e-02
1.31348806054301743e+01 7.88044999999999857e-02 4.28733974762732090e-02
1.31679659470055661e+01 7.92020000000000085e-02 4.30896563891121839e-02
1.32010512885809561e+01 7.96004999999999907e-02 4.33064593495306183e-02
1.32341366301563479e+01 8.00000000000000155e-02 4.35238063575285258e-02
1.32672219717317379e+01 8.04004999999999859e-02 4.37416974131058928e-02
1.33003073133071297e+01 8.08019999999999849e-02 4.39601325162627468e-02
1.33333926548825215e+01 8.12045000000000128e-02 4.41791116669990672e-02
1.33664779964579097e+01 8.16079999999999861e-02 4.43986348653148469e-02
1.33995633380333015e+01 8.20124999999999882e-02 4.46187021112100998e-02
1.34326486796086915e+01 8.24179999999999913e-02 4.48393134046848191e-02
1.34657340211840832e+01 8.28244999999999953e-02 4.50604687457390116e-02
1.34988193627594750e+01 8.32320000000000143e-02 4.52821681343726773e-02
1.35319047043348650e+01 8.36404999999999926e-02 4.55044115705857954e-02
1.35649900459102568e+01 8.40499999999999858e-02 4.57271990543784007e-02
1.35980753874856450e+01 8.44604999999999939e-02 4.59505305857504653e-02
1.36311607290610368e+01 8.48719999999999891e-02 4.61744061647020032e-02
1.36642460706364286e+01 8.52844999999999853e-02 4.63988257912330213e-02
1.36973314122118186e+01 8.56979999999999964e-02 4.66237894653434848e-02
1.37304167537872104e+01 8.61124999999999946e-02 4.68492971870334354e-02
1.37635020953626022e+01 8.65280000000000216e-02 4.70753489563028593e-02
1.37965874369379922e+01 8.69444999999999940e-02 4.73019447731517287e-02
1.38296727785133839e+01 8.73619999999999952e-02 4.75290846375800852e-02
1.38627581200887739e+01 8.77804999999999974e-02 4.77567685495879080e-02
1.38958434616641657e+01 8.81999999999999867e-02 4.79849965091752040e-02
1.39289288032395575e+01 8.86205000000000187e-02 4.82137685163419524e-02
1.39620141448149457e+01 8.90419999999999962e-02 4.84430845710881811e-02
1.39950994863903375e+01 8.94644999999999885e-02 4.86729446734138760e-02
1.40281848279657275e+01 8.98879999999999679e-02 4.89033488233190372e-02
1.40612701695411193e+01 9.03124999999999900e-02 4.91342970208036856e-02
1.40943555111165111e+01 9.07379999999999992e-02 4.93657892658677933e-02
1.41274408526919011e+01 9.11644999999999955e-02 4.95978255585113603e-02
1.41605261942672929e+01 9.15919999999999929e-02 4.98304058987344076e-02
1.41936115358426811e+01 9.20204999999999773e-02 5.00635302865369072e-02
1.42266968774180729e+01 9.24499999999999905e-02 5.02971987219188940e-02
1.42597822189934647e+01 9.28804999999999908e-02 5.05314112048803471e-02
1.42928675605688547e+01 9.33119999999999783e-02 5.07661677354212665e-02
1.43259529021442464e+01 9.37444999999999945e-02 5.10014683135416522e-02
1.43590382437196364e+01 9.41779999999999701e-02 5.12373129392415042e-02
1.43921235852950282e+01 9.46125000000000022e-02 5.14737016125208363e-02
1.44252089268704200e+01 9.50479999999999936e-02 5.17106343333796417e-02
1.44582942684458082e+01 9.54844999999999722e-02 5.19481111018178926e-02
1.44913796100212000e+01 9.59219999999999934e-02 5.21861319178356375e-02
1.45244649515965918e+01 9.63605000000000017e-02 5.24246967814328627e-02
1.45575502931719818e+01 9.67999999999999833e-02 5.26638056926095055e-02
1.45906356347473736e+01 9.72405000000000075e-02 5.29034586513656493e-02
1.46237209763227636e+01 9.76819999999999772e-02 5.31436556577012525e-02
1.46568063178981554e+01 9.81245000000000034e-02 5.33843967116163429e-02
1.46898916594735471e+01 9.85680000000000028e-02 5.36256818131108925e-02
1.47229770010489354e+01 9.90124999999999755e-02 5.38675109621849016e-02
1.47560623426243271e+01 9.94580000000000047e-02 5.41098841588383977e-02
1.47891476841997171e+01 9.99044999999999794e-02 5.43528014030713463e-02
1.48222330257751089e+01 1.00351999999999983e-01 5.45962626948837751e-02
1.48553183673505007e+01 1.00800500000000001e-01 5.48402680342756702e-02
1.48884037089258907e+01 1.01249999999999979e-01 5.50848174212470315e-02
1.49214890505012825e+01 1.01700499999999999e-01 5.53299108557978730e-02
1.49545743920766707e+01 1.02151999999999979e-01 5.55755483379281531e-02
1.49876597336520625e+01 1.02604499999999987e-01 5.58217298676379342e-02
1.50207450752274543e+01 1.03058000000000011e-01 5.60684554449271885e-02
1.50538304168028443e+01 1.03512499999999980e-01 5.63157250697958814e-02
1.50869157583782361e+01 1.03967999999999977e-01 5.65635387422440683e-02
1.51200010999536261e+01 1.04424499999999976e-01 5.68118964622716938e-02
1.51530864415290178e+01 1.04881999999999989e-01 5.70607982298788272e-02
1.51861717831044096e+01 1.05340500000000004e-01 5.73102440450654199e-02
1.52192571246797996e+01 1.05799999999999977e-01 5.75602339078314720e-02
1.52523424662551914e+01 1.06260499999999980e-01 5.78107678181769905e-02
1.52854278078305832e+01 1.06722000000000011e-01 5.80618457761019890e-02
1.53185131494059714e+01 1.07184499999999988e-01 5.83134677816064401e-02
1.53515984909813632e+01 1.07648000000000008e-01 5.85656338346903851e-02
1.53846838325567532e+01 1.08112499999999986e-01 5.88183439353537757e-02
1.54177691741321450e+01 1.08577999999999980e-01 5.90715980835966534e-02
1.54508545157075368e+01 1.09044500000000016e-01 5.93253962794189835e-02
1.54839398572829268e+01 1.09511999999999984e-01 5.95797385228207868e-02
1.55170251988583185e+01 1.09980499999999981e-01 5.98346248138020564e-02
1.55501105404337068e+01 1.10449999999999993e-01 6.00900551523628132e-02
1.55831958820090986e+01 1.10920499999999991e-01 6.03460295385030293e-02
1.56162812235844903e+01 1.11392000000000019e-01 6.06025479722227256e-02
1.56493665651598803e+01 1.11864499999999992e-01 6.08596104535218604e-02
1.56824519067352721e+01 1.12337999999999993e-01 6.11172169824004893e-02
1.57155372483106621e+01 1.12812499999999968e-01 6.13753675588585706e-02
1.57486225898860539e+01 1.13287999999999986e-01 6.16340621828961391e-02
1.57817079314614457e+01 1.13764499999999991e-01 6.18933008545131738e-02
1.58147932730368339e+01 1.14241999999999996e-01 6.21530835737096540e-02
1.58478786146122257e+01 1.14720499999999989e-01 6.24134103404856422e-02
1.58809639561876157e+01 1.15199999999999969e-01 6.26742811548410550e-02
1.59140492977630075e+01 1.15680499999999992e-01 6.29356960167759827e-02
1.59471346393383993e+01 1.16161999999999987e-01 6.31976549262903559e-02
1.59802199809137893e+01 1.16644499999999970e-01 6.34601578833841884e-02
1.60133053224891810e+01 1.17127999999999996e-01 6.37232048880575080e-02
1.60463906640645710e+01 1.17612499999999995e-01 6.39867959403103009e-02
1.60794760056399610e+01 1.18097999999999995e-01 6.42509310401425393e-02
1.61125613472153546e+01 1.18584499999999995e-01 6.45156101875542648e-02
1.61456466887907446e+01 1.19071999999999970e-01 6.47808333825454497e-02
1.61787320303661346e+01 1.19560500000000000e-01 6.50466006251160939e-02
1.62118173719415282e+01 1.20049999999999990e-01 6.53129119152662391e-02
1.62449027135169146e+01 1.20540499999999967e-01 6.55797672529958159e-02
1.62779880550923082e+01 1.21032000000000001e-01 6.58471666383049076e-02
1.63110733966676982e+01 1.21524499999999966e-01 6.61151100711934170e-02
1.63441587382430882e+01 1.22018000000000001e-01 6.63835975516614274e-02
1.63772440798184817e+01 1.22512499999999996e-01 6.66526290797089249e-02
1.64103294213938717e+01 1.23007999999999965e-01 6.69222046553358541e-02
1.64434147629692617e+01 1.23504500000000003e-01 6.71923242785422703e-02
1.64765001045446517e+01 1.24001999999999973e-01 6.74629879493281320e-02
1.65095854461200418e+01 1.24500500000000000e-01 6.77341956676934809e-02
1.65426707876954353e+01 1.25000000000000000e-01 6.80059474336383168e-02
1.65757561292708253e+01 1.25500499999999987e-01 6.82782432471625983e-02
1.66088414708462153e+01 1.26002000000000003e-01 6.85510831082663530e-02
1.66419268124216089e+01 1.26504499999999992e-01 6.88244670169495948e-02
1.66750121539969989e+01 1.27008000000000010e-01 6.90983949732122682e-02
1.67080974955723889e+01 1.27512500000000001e-01 6.93728669770544565e-02
1.67411828371477789e+01 1.28017999999999993e-01 6.96478830284760625e-02
1.67742681787231689e+01 1.28524500000000014e-01 6.99234431274771834e-02
1.68073535202985624e+01 1.29032000000000008e-01 7.01995472740577497e-02
1.68404388618739524e+01 1.29540500000000003e-01 7.04761954682177894e-02
1.68735242034493425e+01 1.30049999999999999e-01 7.07533877099573161e-02
1.69066095450247325e+01 1.30560499999999940e-01 7.10311239992762744e-02
1.69396948866001260e+01 1.31071999999999994e-01 7.13094043361747337e-02
1.69727802281755160e+01 1.31584499999999993e-01 7.15882287206526663e-02
1.70058655697509060e+01 1.32097999999999993e-01 7.18675971527100305e-02
1.70389509113262960e+01 1.32612499999999994e-01 7.21475096323468817e-02
1.70720362529016860e+01 1.33127999999999941e-01 7.24279661595631924e-02
1.71051215944770796e+01 1.33644499999999999e-01 7.27089667343590040e-02
1.71382069360524696e+01 1.34162000000000003e-01 7.29905113567342750e-02
1.71712922776278596e+01 1.34680499999999953e-01 7.32726000266889915e-02
1.72043776192032531e+01 1.35200000000000015e-01 7.35552327442232090e-02
1.72374629607786396e+01 1.35720499999999938e-01 7.38384095093368581e-02
1.72705483023540332e+01 1.36242000000000002e-01 7.41221303220300082e-02
1.73036336439294232e+01 1.36764500000000011e-01 7.44063951823026176e-02
1.73367189855048132e+01 1.37287999999999966e-01 7.46912040901547003e-02
1.73698043270802067e+01 1.37812500000000004e-01 7.49765570455862423e-02
1.74028896686555967e+01 1.38338000000000017e-01 7.52624540485972576e-02
1.74359750102309867e+01 1.38864499999999946e-01 7.55488950991877323e-02
1.74690603518063803e+01 1.39392000000000016e-01 7.58358801973576940e-02
1.75021456933817703e+01 1.39920499999999948e-01 7.61234093431071013e-02
1.75352310349571603e+01 1.40450000000000019e-01 7.64114825364360095e-02
1.75683163765325538e+01 1.40980500000000009e-01 7.67000997773443632e-02
1.76014017181079403e+01 1.41511999999999943e-01 7.69892610658321902e-02
1.76344870596833339e+01 1.42044500000000018e-01 7.72789664018995043e-02
1.76675724012587239e+01 1.42577999999999955e-01 7.75692157855462638e-02
1.77006577428341139e+01 1.43112499999999948e-01 7.78600092167725105e-02
1.77337430844095074e+01 1.43648000000000026e-01 7.81513466955782166e-02
1.77668284259848974e+01 1.44184499999999965e-01 7.84432282219633820e-02
1.77999137675602874e+01 1.44722000000000017e-01 7.87356537959280345e-02
1.78329991091356774e+01 1.45260499999999959e-01 7.90286234174721325e-02
1.78660844507110674e+01 1.45799999999999957e-01 7.93221370865957315e-02
1.78991697922864610e+01 1.46340500000000012e-01 7.96161948032987898e-02
1.79322551338618510e+01 1.46881999999999957e-01 7.99107965675813076e-02
1.79653404754372410e+01 1.47424500000000014e-01 8.02059423794432985e-02
1.79984258170126346e+01 1.47968000000000016e-01 8.05016322388847627e-02
1.80315111585880246e+01 1.48512499999999964e-01 8.07978661459056724e-02
1.80645965001634146e+01 1.49058000000000024e-01 8.10946441005060831e-02
1.80976818417388046e+01 1.49604499999999974e-01 8.13919661026859392e-02
1.81307671833141946e+01 1.50151999999999952e-01 8.16898321524452825e-02
1.81638525248895881e+01 1.50700500000000015e-01 8.19882422497840851e-02
1.81969378664649781e+01 1.51249999999999968e-01 8.22871963947023610e-02
1.82300232080403681e+01 1.51800500000000033e-01 8.25866945872001101e-02
1.82631085496157581e+01 1.52351999999999960e-01 8.28867368272772909e-02
1.82961938911911517e+01 1.52904499999999971e-01 8.31873231149340003e-02
1.83292792327665417e+01 1.53458000000000039e-01 8.34884534501701692e-02
1.83623645743419317e+01 1.54012499999999969e-01 8.37901278329857696e-02
1.83954499159173217e+01 1.54567999999999955e-01 8.40923462633808572e-02
1.84285352574927117e+01 1.55124499999999971e-01 8.43951087413554041e-02
1.84616205990681053e+01 1.55681999999999959e-01 8.46984152669094381e-02
1.84947059406434953e+01 1.56240500000000032e-01 8.50022658400429454e-02
1.85277912822188853e+01 1.56799999999999967e-01 8.53066604607558981e-02
1.85608766237942788e+01 1.57360499999999959e-01 8.56115991290483380e-02
1.85939619653696653e+01 1.57921999999999979e-01 8.59170818449202373e-02
1.86270473069450588e+01 1.58484499999999973e-01 8.62231086083716097e-02
1.86601326485204488e+01 1.59047999999999967e-01 8.65296794194024693e-02
1.86932179900958388e+01 1.59612499999999963e-01 8.68367942780127605e-02
1.87263033316712324e+01 1.60177999999999959e-01 8.71444531842025527e-02
1.87593886732466224e+01 1.60744500000000040e-01 8.74526561379718043e-02
1.87924740148220124e+01 1.61311999999999983e-01 8.77614031393205013e-02
1.88255593563974060e+01 1.61880499999999983e-01 8.80706941882486993e-02
1.88586446979727960e+01 1.62449999999999983e-01 8.83805292847563428e-02
1.88917300395481860e+01 1.63020499999999985e-01 8.86909084288434735e-02
1.89248153811235795e+01 1.63591999999999960e-01 8.90018316205100912e-02
1.89579007226989660e+01 1.64164499999999963e-01 8.93132988597561267e-02
1.89909860642743595e+01 1.64737999999999968e-01 8.96253101465816771e-02
1.90240714058497495e+01 1.65312499999999973e-01 8.99378654809866590e-02
1.90571567474251395e+01 1.65887999999999980e-01 9.02509648629711420e-02
1.90902420890005331e+01 1.66464499999999987e-01 9.05646082925350843e-02
1.91233274305759231e+01 1.67041999999999968e-01 9.08787957696784859e-02
1.91564127721513131e+01 1.67620499999999978e-01 9.11935272944013747e-02
1.91894981137267031e+01 1.68199999999999988e-01 9.15088028667037090e-02
1.92225834553020931e+01 1.68780499999999972e-01 9.18246224865855304e-02
1.92556687968774867e+01 1.69361999999999985e-01 9.21409861540468250e-02
1.92887541384528767e+01 1.69944499999999971e-01 9.24578938690875651e-02
1.93218394800282667e+01 1.70527999999999985e-01 9.27753456317078062e-02
1.93549248216036567e+01 1.71112499999999973e-01 9.30933414419074928e-02
1.93880101631790502e+01 1.71697999999999990e-01 9.34118812996866527e-02
1.94210955047544402e+01 1.72284499999999979e-01 9.37309652050452857e-02
1.94541808463298302e+01 1.72871999999999970e-01 9.40505931579833782e-02
1.94872661879052202e+01 1.73460499999999990e-01 9.43707651585009438e-02
1.95203515294806138e+01 1.74049999999999983e-01 9.46914812065979966e-02
1.95534368710560038e+01 1.74640499999999976e-01 9.50127413022744949e-02
1.95865222126313938e+01 1.75231999999999971e-01 9.53345454455304664e-02
1.96196075542067838e+01 1.75824499999999995e-01 9.56568936363659111e-02
1.96526928957821774e+01 1.76417999999999991e-01 9.59797858747808291e-02
1.96857782373575674e+01 1.77012499999999989e-01 9.63032221607752342e-02
1.97188635789329574e+01 1.77607999999999988e-01 9.66272024943490709e-02
1.97519489205083474e+01 1.78204499999999988e-01 9.69517268755023948e-02
1.97850342620837374e+01 1.78801999999999989e-01 9.72767953042351780e-02
1.98181196036591309e+01 1.79400499999999991e-01 9.76024077805474483e-02
1.98512049452345209e+01 1.79999999999999993e-01 9.79285643044391918e-02
1.98842902868099110e+01 1.80600499999999997e-01 9.82552648759103808e-02
1.99173756283853045e+01 1.81201999999999974e-01 9.85825094949610292e-02
1.99504609699606910e+01 1.81804499999999980e-01 9.89102981615911786e-02
1.99835463115360845e+01 1.82407999999999987e-01 9.92386308758007873e-02
2.00166316531114745e+01 1.83012499999999995e-01 9.95675076375898832e-02
2.00497169946868645e+01 1.83618000000000003e-01 9.98969284469583690e-02
2.00828023362622581e+01 1.84224499999999985e-01 1.00226893303906398e-01
2.01158876778376481e+01 1.84831999999999996e-01 1.00557402208433899e-01
2.01489730194130381e+01 1.85440499999999980e-01 1.00888455160540833e-01
2.01820583609884316e+01 1.86049999999999993e-01 1.01220052160227253e-01
2.02151437025638181e+01 1.86660499999999979e-01 1.01552193207493147e-01
2.02482290441392117e+01 1.87271999999999994e-01 1.01884878302338514e-01
2.02813143857146017e+01 1.87884499999999982e-01 1.02218107444763326e-01
2.03143997272899917e+01 1.88497999999999999e-01 1.02551880634767639e-01
2.03474850688653852e+01 1.89112499999999989e-01 1.02886197872351412e-01
2.03805704104407752e+01 1.89728000000000008e-01 1.03221059157514630e-01
2.04136557520161652e+01 1.90344500000000000e-01 1.03556464490257322e-01
2.04467410935915588e+01 1.90961999999999993e-01 1.03892413870579542e-01
2.04798264351669488e+01 1.91580499999999987e-01 1.04228907298481152e-01
2.05129117767423388e+01 1.92200000000000010e-01 1.04565944773962263e-01
2.05459971183177288e+01 1.92820500000000006e-01 1.04903526297022848e-01
2.05790824598931188e+01 1.93442000000000003e-01 1.05241651867662891e-01
2.06121678014685124e+01 1.94064500000000001e-01 1.05580321485882436e-01
2.06452531430439024e+01 1.94688000000000000e-01 1.05919535151681385e-01
2.06783384846192924e+01 1.95312500000000000e-01 1.06259292865059862e-01
2.07114238261946824e+01 1.95937999999999918e-01 1.06599594626017785e-01
2.07445091677700759e+01 1.96564500000000003e-01 1.06940440434555195e-01
2.07775945093454659e+01 1.97192000000000006e-01 1.07281830290672051e-01
2.08106798509208559e+01 1.97820500000000010e-01 1.07623764194368365e-01
2.08437651924962459e+01 1.98450000000000015e-01 1.07966242145644195e-01
2.08768505340716395e+01 1.99080499999999994e-01 1.08309264144499470e-01
2.09099358756470295e+01 1.99712000000000001e-01 1.08652830190934191e-01
2.09430212172224195e+01 2.00344500000000009e-01 1.08996940284948413e-01
2.09761065587978095e+01 2.00977999999999934e-01 1.09341594426542080e-01
2.10091919003732031e+01 2.01612500000000000e-01 1.09686792615715234e-01
2.10422772419485931e+01 2.02248000000000011e-01 1.10032534852467861e-01
2.10753625835239831e+01 2.02884499999999995e-01 1.10378821136799934e-01
2.11084479250993731e+01 2.03522000000000008e-01 1.10725651468711481e-01
2.11415332666747631e+01 2.04160499999999939e-01 1.11073025848202514e-01
2.11746186082501566e+01 2.04800000000000010e-01 1.11420944275272993e-01
2.12077039498255466e+01 2.05440499999999998e-01 1.11769406749922987e-01
2.12407892914009402e+01 2.06082000000000015e-01 1.12118413272152426e-01
2.12738746329763266e+01 2.06724499999999950e-01 1.12467963841961296e-01
2.13069599745517166e+01 2.07367999999999941e-01 1.12818058459349668e-01
2.13400453161271102e+01 2.08012500000000017e-01 1.13168697124317499e-01
2.13731306577025002e+01 2.08658000000000010e-01 1.13519879836864832e-01
2.14062159992778938e+01 2.09304500000000004e-01 1.13871606596991623e-01
2.14393013408532802e+01 2.09951999999999944e-01 1.14223877404697832e-01
2.14723866824286738e+01 2.10600499999999941e-01 1.14576692259983556e-01
2.15054720240040638e+01 2.11249999999999938e-01 1.14930051162848754e-01
2.15385573655794573e+01 2.11900500000000019e-01 1.15283954113293396e-01
2.15716427071548473e+01 2.12552000000000019e-01 1.15638401111317540e-01
2.16047280487302338e+01 2.13204499999999936e-01 1.15993392156921088e-01
2.16378133903056273e+01 2.13857999999999937e-01 1.16348927250104164e-01
2.16708987318810173e+01 2.14512499999999939e-01 1.16705006390866700e-01
2.17039840734564109e+01 2.15168000000000026e-01 1.17061629579208723e-01
2.17370694150318009e+01 2.15824500000000030e-01 1.17418796815130205e-01
2.17701547566071909e+01 2.16481999999999952e-01 1.17776508098631091e-01
2.18032400981825809e+01 2.17140499999999959e-01 1.18134763429711492e-01
2.18363254397579745e+01 2.17799999999999938e-01 1.18493562808371394e-01
2.18694107813333645e+01 2.18460500000000030e-01 1.18852906234610770e-01
2.19024961229087580e+01 2.19122000000000011e-01 1.19212793708429562e-01
2.19355814644841480e+01 2.19784500000000022e-01 1.19573225229827856e-01
2.19686668060595345e+01 2.20447999999999950e-01 1.19934200798805568e-01
2.20017521476349280e+01 2.21112499999999962e-01 1.20295720415362808e-01
2.20348374892103180e+01 2.21778000000000031e-01 1.20657784079499508e-01
2.20679228307857116e+01 2.22444500000000017e-01 1.21020391791215681e-01
2.21010081723611016e+01 2.23112000000000033e-01 1.21383543550511300e-01
2.21340935139364881e+01 2.23780499999999966e-01 1.21747239357386391e-01
2.21671788555118816e+01 2.24449999999999955e-01 1.22111479211840956e-01
2.22002641970872716e+01 2.25120499999999946e-01 1.22476263113874995e-01
2.22333495386626652e+01 2.25792000000000020e-01 1.22841591063488548e-01
2.22664348802380552e+01 2.26464500000000041e-01 1.23207463060681491e-01
2.22995202218134452e+01 2.27137999999999951e-01 1.23573879105453907e-01
2.23326055633888352e+01 2.27812499999999946e-01 1.23940839197805824e-01
2.23656909049642287e+01 2.28487999999999969e-01 1.24308343337737215e-01
2.23987762465396187e+01 2.29164500000000021e-01 1.24676391525248065e-01
2.24318615881150123e+01 2.29842000000000019e-01 1.25044983760338430e-01
2.24649469296903987e+01 2.30520499999999962e-01 1.25414120043008143e-01
2.24980322712657888e+01 2.31199999999999961e-01 1.25783800373257398e-01
2.25311176128411823e+01 2.31880499999999962e-01 1.26154024751086169e-01
2.25642029544165723e+01 2.32562000000000046e-01 1.26524793176494371e-01
2.25972882959919659e+01 2.33244500000000049e-01 1.26896105649482033e-01
2.26303736375673523e+01 2.33927999999999969e-01 1.27267962170049126e-01
2.26634589791427423e+01 2.34612499999999974e-01 1.27640362738195762e-01
2.26965443207181359e+01 2.35297999999999952e-01 1.28013307353921829e-01
2.27296296622935259e+01 2.35984499999999958e-01 1.28386796017227384e-01
2.27627150038689194e+01 2.36672000000000049e-01 1.28760828728112398e-01
2.27958003454443059e+01 2.37360499999999974e-01 1.29135405486576815e-01
2.28288856870196994e+01 2.38049999999999956e-01 1.29510526292620776e-01
2.28619710285950895e+01 2.38740499999999967e-01 1.29886191146244195e-01
2.28950563701704830e+01 2.39431999999999978e-01 1.30262400047447102e-01
2.29281417117458730e+01 2.40124500000000046e-01 1.30639152996229496e-01
2.29612270533212595e+01 2.40817999999999977e-01 1.31016449992591266e-01
2.29943123948966530e+01 2.41512499999999963e-01 1.31394291036532551e-01
2.30273977364720430e+01 2.42207999999999979e-01 1.31772676128053351e-01
2.30604830780474366e+01 2.42904499999999968e-01 1.32151605267153610e-01
2.30935684196228266e+01 2.43602000000000041e-01 1.32531078453833301e-01
2.31266537611982130e+01 2.44300499999999976e-01 1.32911095688092423e-01
2.31597391027736066e+01 2.44999999999999968e-01 1.33291656969931088e-01
2.31928244443490001e+01 2.45700499999999961e-01 1.33672762299349213e-01
2.32259097859243901e+01 2.46401999999999982e-01 1.34054411676346796e-01
2.32589951274997837e+01 2.47104499999999977e-01 1.34436605100923839e-01
2.32920804690751702e+01 2.47807999999999889e-01 1.34819342573080314e-01
2.33251658106505602e+01 2.48512499999999970e-01 1.35202624092816331e-01
2.33582511522259537e+01 2.49217999999999967e-01 1.35586449660131780e-01
2.33913364938013437e+01 2.49924499999999966e-01 1.35970819275026716e-01
2.34244218353767373e+01 2.50631999999999966e-01 1.36355732937501112e-01
2.34575071769521273e+01 2.51340500000000078e-01 1.36741190647554994e-01
2.34905925185275137e+01 2.52049999999999996e-01 1.37127192405188308e-01
2.35236778601029073e+01 2.52760499999999999e-01 1.37513738210401110e-01
2.35567632016782973e+01 2.53471999999999975e-01 1.37900828063193398e-01
2.35898485432536908e+01 2.54184499999999980e-01 1.38288461963565118e-01
2.36229338848290809e+01 2.54898000000000069e-01 1.38676639911516325e-01
2.36560192264044709e+01 2.55612499999999965e-01 1.39065361907046964e-01
2.36891045679798609e+01 2.56328000000000000e-01 1.39454627950157117e-01
2.37221899095552544e+01 2.57044499999999954e-01 1.39844438040846758e-01
2.37552752511306444e+01 2.57761999999999991e-01 1.40234792179115830e-01
2.37883605927060380e+01 2.58480500000000057e-01 1.40625690364964417e-01
2.38214459342814244e+01 2.59199999999999875e-01 1.41017132598392381e-01
2.38545312758568144e+01 2.59920499999999999e-01 1.41409118879399887e-01
2.38876166174322080e+01 2.60641999999999985e-01 1.41801649207986852e-01
2.39207019590075980e+01 2.61364500000000000e-01 1.42194723584153304e-01
2.39537873005829915e+01 2.62087999999999988e-01 1.42588342007899216e-01
2.39868726421583780e+01 2.62812499999999893e-01 1.42982504479224531e-01
2.40199579837337680e+01 2.63537999999999994e-01 1.43377210998129390e-01
2.40530433253091616e+01 2.64264499999999958e-01 1.43772461564613679e-01
2.40861286668845516e+01 2.64992000000000005e-01 1.44168256178677484e-01
2.41192140084599451e+01 2.65720499999999971e-01 1.44564594840320748e-01
2.41522993500353316e+01 2.66449999999999909e-01 1.44961477549543416e-01
2.41853846916107251e+01 2.67180499999999987e-01 1.45358904306345599e-01
2.42184700331861151e+01 2.67911999999999983e-01 1.45756875110727269e-01
2.42515553747615087e+01 2.68644500000000008e-01 1.46155389962688398e-01
2.42846407163368987e+01 2.69378000000000006e-01 1.46554448862229014e-01
2.43177260579122851e+01 2.70112499999999922e-01 1.46954051809349007e-01
2.43508113994876787e+01 2.70847999999999922e-01 1.47354198804048542e-01
2.43838967410630687e+01 2.71584500000000006e-01 1.47754889846327536e-01
2.44169820826384623e+01 2.72322000000000009e-01 1.48156124936186018e-01
2.44500674242138523e+01 2.73060499999999984e-01 1.48557904073623986e-01
2.44831527657892387e+01 2.73799999999999932e-01 1.48960227258641331e-01
2.45162381073646323e+01 2.74540499999999910e-01 1.49363094491238219e-01
2.45493234489400223e+01 2.75281999999999971e-01 1.49766505771414593e-01
2.45824087905154158e+01 2.76024500000000006e-01 1.50170461099170399e-01
2.46154941320908058e+01 2.76768000000000014e-01 1.50574960474505692e-01
2.46485794736661958e+01 2.77512499999999940e-01 1.50980003897420390e-01
2.46816648152415858e+01 2.78257999999999894e-01 1.51385591367914629e-01
2.47147501568169794e+01 2.79004499999999989e-01 1.51791722885988328e-01
2.47478354983923694e+01 2.79752000000000001e-01 1.52198398451641487e-01
2.47809208399677630e+01 2.80500499999999986e-01 1.52605618064874105e-01
2.48140061815431530e+01 2.81250000000000000e-01 1.53013381725686237e-01
2.48470915231185394e+01 2.82000499999999932e-01 1.53421689434077746e-01
2.48801768646939330e+01 2.82752000000000003e-01 1.53830541190048797e-01
2.49132622062693230e+01 2.83504499999999993e-01 1.54239936993599308e-01
2.49463475478447165e+01 2.84258000000000011e-01 1.54649876844729306e-01
2.49794328894201065e+01 2.85012500000000002e-01 1.55060360743438735e-01
2.50125182309954965e+01 2.85767999999999911e-01 1.55471388689727597e-01
2.50456035725708865e+01 2.86524499999999904e-01 1.55882960683596000e-01
2.50786889141462801e+01 2.87281999999999982e-01 1.56295076725043863e-01
2.51117742557216701e+01 2.88040500000000033e-01 1.56707736814071213e-01
2.51448595972970637e+01 2.88800000000000001e-01 1.57120940950677995e-01
2.51779449388724501e+01 2.89560499999999943e-01 1.57534689134864209e-01
2.52110302804478401e+01 2.90321999999999913e-01 1.57948981366629909e-01
2.52441156220232337e+01 2.91084500000000024e-01 1.58363817645975125e-01
2.52772009635986237e+01 2.91847999999999996e-01 1.58779197972899799e-01
2.53102863051740172e+01 2.92612499999999998e-01 1.59195122347403961e-01
2.53433716467494037e+01 2.93377999999999917e-01 1.59611590769487527e-01
2.53764569883247937e+01 2.94144499999999920e-01 1.60028603239150580e-01
2.54095423299001872e+01 2.94912000000000007e-01 1.60446159756393120e-01
2.54426276714755772e+01 2.95680500000000013e-01 1.60864260321215174e-01
2.54757130130509708e+01 2.96449999999999991e-01 1.61282904933616661e-01
2.55087983546263573e+01 2.97220499999999943e-01 1.61702093593597551e-01
2.55418836962017508e+01 2.97991999999999924e-01 1.62121826301157984e-01
2.55749690377771408e+01 2.98764499999999933e-01 1.62542103056297849e-01
2.56080543793525344e+01 2.99538000000000026e-01 1.62962923859017228e-01
2.56411397209279244e+01 3.00312500000000038e-01 1.63384288709316067e-01
2.56742250625033108e+01 3.01087999999999911e-01 1.63806197607194309e-01
2.57073104040787044e+01 3.01864499999999925e-01 1.64228650552652095e-01
2.57403957456540944e+01 3.02641999999999911e-01 1.64651647545689311e-01
2.57734810872294879e+01 3.03420500000000037e-01 1.65075188586306043e-01
2.58065664288048779e+01 3.04200000000000026e-01 1.65499273674502234e-01
2.58396517703802644e+01 3.04980499999999932e-01 1.65923902810277774e-01
2.58727371119556580e+01 3.05761999999999923e-01 1.66349075993632911e-01
2.59058224535310480e+01 3.06544499999999942e-01 1.66774793224567508e-01
2.59389077951064415e+01 3.07328000000000046e-01 1.67201054503081592e-01
2.59719931366818315e+01 3.08112500000000011e-01 1.67627859829175108e-01
2.60050784782572215e+01 3.08897999999999950e-01 1.68055209202848027e-01
2.60381638198326115e+01 3.09684499999999918e-01 1.68483102624100489e-01
2.60712491614080051e+01 3.10471999999999915e-01 1.68911540092932438e-01
2.61043345029833951e+01 3.11260500000000051e-01 1.69340521609343819e-01
2.61374198445587886e+01 3.12050000000000050e-01 1.69770047173334715e-01
2.61705051861341786e+01 3.12840500000000021e-01 1.70200116784905042e-01
2.62035905277095651e+01 3.13631999999999966e-01 1.70630730444054801e-01
2.62366758692849587e+01 3.14424499999999940e-01 1.71061888150784075e-01
2.62697612108603487e+01 3.15217999999999943e-01 1.71493589905092836e-01
2.63028465524357422e+01 3.16012500000000029e-01 1.71925835706981028e-01
2.63359318940111322e+01 3.16808000000000034e-01 1.72358625556448736e-01
2.63690172355865222e+01 3.17604499999999956e-01 1.72791959453495819e-01
2.64021025771619122e+01 3.18401999999999963e-01 1.73225837398122473e-01
2.64351879187373058e+01 3.19200499999999943e-01 1.73660259390328531e-01
2.64682732603126958e+01 3.20000000000000062e-01 1.74095225430114103e-01
2.65013586018880893e+01 3.20800500000000044e-01 1.74530735517479163e-01
2.65344439434634758e+01 3.21601999999999943e-01 1.74966789652423571e-01
2.65675292850388658e+01 3.22404499999999927e-01 1.75403387834947549e-01
2.66006146266142594e+01 3.23207999999999940e-01 1.75840530065050987e-01
2.66336999681896494e+01 3.24012500000000037e-01 1.76278216342733912e-01
2.66667853097650429e+01 3.24818000000000051e-01 1.76716446667996269e-01
2.66998706513404294e+01 3.25624499999999928e-01 1.77155221040838057e-01
2.67329559929158194e+01 3.26431999999999944e-01 1.77594539461259388e-01
2.67660413344912129e+01 3.27240499999999934e-01 1.78034401929260150e-01
2.67991266760666029e+01 3.28049999999999953e-01 1.78474808444840399e-01
2.68322120176419965e+01 3.28860500000000056e-01 1.78915759008000108e-01
2.68652973592173829e+01 3.29671999999999965e-01 1.79357253618739276e-01
2.68983827007927765e+01 3.30484499999999959e-01 1.79799292277057932e-01
2.69314680423681665e+01 3.31297999999999981e-01 1.80241874982956046e-01
2.69645533839435600e+01 3.32112499999999977e-01 1.80685001736433648e-01
2.69976387255189501e+01 3.32928000000000057e-01 1.81128672537490709e-01
2.70307240670943365e+01 3.33744499999999944e-01 1.81572887386127174e-01
2.70638094086697301e+01 3.34561999999999971e-01 1.82017646282343182e-01
2.70968947502451201e+01 3.35380499999999970e-01 1.82462949226138704e-01
2.71299800918205136e+01 3.36199999999999943e-01 1.82908796217513603e-01
2.71630654333959036e+01 3.37020500000000056e-01 1.83355187256468016e-01
2.71961507749712901e+01 3.37841999999999976e-01 1.83802122343001861e-01
2.72292361165466836e+01 3.38664499999999979e-01 1.84249601477115194e-01
2.72623214581220736e+01 3.39487999999999956e-01 1.84697624658808013e-01
2.72954067996974672e+01 3.40312499999999962e-01 1.85146191888080319e-01
2.73284921412728572e+01 3.41137999999999941e-01 1.85595303164932085e-01
2.73615774828482472e+01 3.41964499999999894e-01 1.86044958489363255e-01
2.73946628244236372e+01 3.42791999999999986e-01 1.86495157861373939e-01
2.74277481659990308e+01 3.43620499999999940e-01 1.86945901280964111e-01
2.74608335075744208e+01 3.44449999999999978e-01 1.87397188748133742e-01
2.74939188491498143e+01 3.45280499999999990e-01 1.87849020262882860e-01
2.75270041907252043e+01 3.46112000000000086e-01 1.88301395825211437e-01
2.75600895323005908e+01 3.46944499999999989e-01 1.88754315435119419e-01
2.75931748738759843e+01 3.47777999999999976e-01 1.89207779092606915e-01
2.76262602154513743e+01 3.48612499999999992e-01 1.89661786797673898e-01
2.76593455570267679e+01 3.49447999999999981e-01 1.90116338550320341e-01
2.76924308986021579e+01 3.50284500000000054e-01 1.90571434350546243e-01
2.77255162401775479e+01 3.51121999999999990e-01 1.91027074198351632e-01
2.77586015817529379e+01 3.51960499999999954e-01 1.91483258093736453e-01
2.77916869233283315e+01 3.52799999999999947e-01 1.91939986036700816e-01
2.78247722649037215e+01 3.53640499999999969e-01 1.92397258027244583e-01
2.78578576064791150e+01 3.54482000000000075e-01 1.92855074065367810e-01
2.78909429480545015e+01 3.55324499999999877e-01 1.93313434151070523e-01
2.79240282896298915e+01 3.56167999999999985e-01 1.93772338284352724e-01
2.79571136312052850e+01 3.57012499999999955e-01 1.94231786465214384e-01
2.79901989727806750e+01 3.57857999999999954e-01 1.94691778693655504e-01
2.80232843143560686e+01 3.58704499999999982e-01 1.95152314969676166e-01
2.80563696559314550e+01 3.59551999999999872e-01 1.95613395293276149e-01
2.80894549975068450e+01 3.60400499999999957e-01 1.96075019664455730e-01
2.81225403390822386e+01 3.61249999999999960e-01 1.96537188083214742e-01
2.81556256806576286e+01 3.62100499999999992e-01 1.96999900549553214e-01
2.81887110222330222e+01 3.62951999999999997e-01 1.97463157063471173e-01
2.82217963638084086e+01 3.63804499999999864e-01 1.97926957624968536e-01
2.82548817053838022e+01 3.64657999999999982e-01 1.98391302234045441e-01
2.82879670469591922e+01 3.65512499999999962e-01 1.98856190890701778e-01
2.83210523885345857e+01 3.66367999999999971e-01 1.99321623594937630e-01
2.83541377301099757e+01 3.67224500000000009e-01 1.99787600346752886e-01
2.83872230716853622e+01 3.68081999999999909e-01 2.00254121146147629e-01
2.84203084132607557e+01 3.68940499999999894e-01 2.00721185993121859e-01
2.84533937548361457e+01 3.69799999999999962e-01 2.01188794887675576e-01
2.84864790964115393e+01 3.70660500000000004e-01 2.01656947829808753e-01
2.85195644379869293e+01 3.71521999999999963e-01 2.02125644819521388e-01
2.85526497795623158e+01 3.72384499999999896e-01 2.02594885856813511e-01
2.85857351211377093e+01 3.73247999999999913e-01 2.03064670941685066e-01
2.86188204627130993e+01 3.74112500000000014e-01 2.03535000074136108e-01
2.86519058042884929e+01 3.74977999999999978e-01 2.04005873254166609e-01
2.86849911458638829e+01 3.75844499999999970e-01 2.04477290481776625e-01
2.87180764874392729e+01 3.76711999999999880e-01 2.04949251756966017e-01
2.87511618290146629e+01 3.77580499999999875e-01 2.05421757079734923e-01
2.87842471705900564e+01 3.78450000000000009e-01 2.05894806450083345e-01
2.88173325121654464e+01 3.79320500000000005e-01 2.06368399868011226e-01
2.88504178537408400e+01 3.80191999999999974e-01 2.06842537333518567e-01
2.88835031953162265e+01 3.81064499999999917e-01 2.07317218846605283e-01
2.89165885368916165e+01 3.81937999999999889e-01 2.07792444407271570e-01
2.89496738784670100e+01 3.82812500000000000e-01 2.08268214015517344e-01
2.89827592200424000e+01 3.83687999999999974e-01 2.08744527671342550e-01
2.90158445616177936e+01 3.84564499999999976e-01 2.09221385374747215e-01
2.90489299031931836e+01 3.85442000000000007e-01 2.09698787125731451e-01
2.90820152447685736e+01 3.86320499999999900e-01 2.10176732924294923e-01
2.91151005863439636e+01 3.87199999999999933e-01 2.10655222770438022e-01
2.91481859279193571e+01 3.88080499999999995e-01 2.11134256664160608e-01
2.91812712694947471e+01 3.88962000000000030e-01 2.11613834605462597e-01
2.92143566110701407e+01 3.89844499999999983e-01 2.12093956594344130e-01
2.92474419526455272e+01 3.90727999999999909e-01 2.12574622630805010e-01
2.92805272942209172e+01 3.91612499999999919e-01 2.13055832714845461e-01
2.93136126357963107e+01 3.92498000000000014e-01 2.13537586846465371e-01
2.93466979773717007e+01 3.93384500000000026e-01 2.14019885025664741e-01
2.93797833189470943e+01 3.94272000000000011e-01 2.14502727252443570e-01
2.94128686605224807e+01 3.95160499999999915e-01 2.14986113526801803e-01
2.94459540020978707e+01 3.96049999999999902e-01 2.15470043848739606e-01
2.94790393436732643e+01 3.96940500000000029e-01 2.15954518218256841e-01
2.95121246852486543e+01 3.97832000000000019e-01 2.16439536635353591e-01
2.95452100268240478e+01 3.98724500000000037e-01 2.16925099100029800e-01
2.95782953683994343e+01 3.99617999999999918e-01 2.17411205612285385e-01
2.96113807099748279e+01 4.00512499999999938e-01 2.17897856172120541e-01
2.96444660515502179e+01 4.01407999999999932e-01 2.18385050779535100e-01
2.96775513931256114e+01 4.02304500000000009e-01 2.18872789434529175e-01
2.97106367347010014e+01 4.03202000000000005e-01 2.19361072137102681e-01
2.97437220762763879e+01 4.04100499999999918e-01 2.19849898887255646e-01
2.97768074178517814e+01 4.04999999999999916e-01 2.20339269684988126e-01
2.98098927594271714e+01 4.05900499999999942e-01 2.20829184530300066e-01
2.98429781010025650e+01 4.06801999999999997e-01 2.21319643423191492e-01
2.98760634425779550e+01 4.07704500000000025e-01 2.21810646363662323e-01
2.99091487841533414e+01 4.08607999999999916e-01 2.22302193351712613e-01
2.99422341257287350e+01 4.09512499999999946e-01 2.22794284387342473e-01
2.99753194673041250e+01 4.10417999999999950e-01 2.23286919470551737e-01
3.00084048088795186e+01 4.11324500000000037e-01 2.23780098601340516e-01
3.00414901504549086e+01 4.12232000000000043e-01 2.24273821779708754e-01
3.00745754920302986e+01 4.13140499999999911e-01 2.24768089005656341e-01
3.01076608336056886e+01 4.14049999999999918e-01 2.25262900279183526e-01
3.01407461751810821e+01 4.14960499999999954e-01 2.25758255600290197e-01
3.01738315167564721e+01 4.15871999999999908e-01 2.26254154968976273e-01
3.02069168583318657e+01 4.16784500000000058e-01 2.26750598385241864e-01
3.02400021999072521e+01 4.17697999999999903e-01 2.27247585849086775e-01
3.02730875414826421e+01 4.18612499999999943e-01 2.27745117360511340e-01
3.03061728830580357e+01 4.19527999999999957e-01 2.28243192919515309e-01
3.03392582246334257e+01 4.20444499999999943e-01 2.28741812526098737e-01
3.03723435662088193e+01 4.21362000000000014e-01 2.29240976180261680e-01
3.04054289077842093e+01 4.22280500000000059e-01 2.29740683882004054e-01
3.04385142493595993e+01 4.23199999999999910e-01 2.30240935631325888e-01
3.04715995909349893e+01 4.24120499999999956e-01 2.30741731428227154e-01
3.05046849325103828e+01 4.25041999999999920e-01 2.31243071272707962e-01
3.05377702740857728e+01 4.25964500000000024e-01 2.31744955164768257e-01
3.05708556156611664e+01 4.26888000000000045e-01 2.32247383104407956e-01
3.06039409572365528e+01 4.27812499999999929e-01 2.32750355091627087e-01
3.06370262988119428e+01 4.28737999999999952e-01 2.33253871126425760e-01
3.06701116403873364e+01 4.29664499999999949e-01 2.33757931208803921e-01
3.07031969819627264e+01 4.30592000000000030e-01 2.34262535338761541e-01
3.07362823235381200e+01 4.31520500000000029e-01 2.34767683516298620e-01
3.07693676651135064e+01 4.32449999999999946e-01 2.35273375741415103e-01
3.08024530066888964e+01 4.33380499999999946e-01 2.35779612014111101e-01
3.08355383482642900e+01 4.34311999999999920e-01 2.36286392334386613e-01
3.08686236898396800e+01 4.35244499999999923e-01 2.36793716702241586e-01
3.09017090314150735e+01 4.36178000000000066e-01 2.37301585117675934e-01
3.09347943729904600e+01 4.37112499999999959e-01 2.37809997580689769e-01
3.09678797145658535e+01 4.38047999999999937e-01 2.38318954091283147e-01
3.10009650561412435e+01 4.38984499999999944e-01 2.38828454649456012e-01
3.10340503977166371e+01 4.39921999999999924e-01 2.39338499255208226e-01
3.10671357392920271e+01 4.40860500000000044e-01 2.39849087908540065e-01
3.11002210808674135e+01 4.41799999999999971e-01 2.40360220609451253e-01
3.11333064224428071e+01 4.42740499999999926e-01 2.40871897357941983e-01
3.11663917640181971e+01 4.43681999999999965e-01 2.41384118154012117e-01
3.11994771055935907e+01 4.44624499999999978e-01 2.41896882997661739e-01
3.12325624471689807e+01 4.45568000000000075e-01 2.42410191888890902e-01
3.12656477887443671e+01 4.46512499999999979e-01 2.42924044827699415e-01
3.12987331303197607e+01 4.47457999999999967e-01 2.43438441814087442e-01
3.13318184718951507e+01 4.48404499999999928e-01 2.43953382848054984e-01
3.13649038134705442e+01 4.49351999999999974e-01 2.44468867929601957e-01
3.13979891550459342e+01 4.50300499999999937e-01 2.44984897058728390e-01
3.14310744966213242e+01 4.51249999999999873e-01 2.45501470235434283e-01
3.14641598381967142e+01 4.52200499999999950e-01 2.46018587459719690e-01
3.14972451797721078e+01 4.53151999999999944e-01 2.46536248731584556e-01
3.15303305213474978e+01 4.54104499999999967e-01 2.47054454051028938e-01
3.15634158629228914e+01 4.55057999999999963e-01 2.47573203418052695e-01
3.15965012044982778e+01 4.56012499999999876e-01 2.48092496832655912e-01
3.16295865460736678e+01 4.56967999999999985e-01 2.48612334294838616e-01
3.16626718876490614e+01 4.57924499999999957e-01 2.49132715804600890e-01
3.16957572292244514e+01 4.58881999999999957e-01 2.49653641361942569e-01
3.17288425707998449e+01 4.59840499999999985e-01 2.50175110966863679e-01
3.17619279123752314e+01 4.60799999999999876e-01 2.50697124619364220e-01
3.17950132539506214e+01 4.61760499999999963e-01 2.51219682319444304e-01
3.18280985955260149e+01 4.62721999999999967e-01 2.51742784067103931e-01
3.18611839371014050e+01 4.63684499999999944e-01 2.52266429862342934e-01
3.18942692786767985e+01 4.64647999999999950e-01 2.52790619705161423e-01
3.19273546202521885e+01 4.65612500000000096e-01 2.53315353595559400e-01
3.19604399618275785e+01 4.66577999999999882e-01 2.53840631533536754e-01
3.19935253034029685e+01 4.67544499999999974e-01 2.54366453519093705e-01
3.20266106449783621e+01 4.68511999999999984e-01 2.54892819552230032e-01
3.20596959865537556e+01 4.69480499999999967e-01 2.55419729632945902e-01
3.20927813281291421e+01 4.70449999999999979e-01 2.55947183761241204e-01
3.21258666697045285e+01 4.71420499999999854e-01 2.56475181937115937e-01
3.21589520112799221e+01 4.72391999999999979e-01 2.57003724160570157e-01
3.21920373528553156e+01 4.73364499999999966e-01 2.57532810431603865e-01
3.22251226944307092e+01 4.74337999999999982e-01 2.58062440750217059e-01
3.22582080360060957e+01 4.75312499999999971e-01 2.58592615116409685e-01
3.22912933775814892e+01 4.76287999999999878e-01 2.59123333530181799e-01
3.23243787191568757e+01 4.77264499999999980e-01 2.59654595991533343e-01
3.23574640607322692e+01 4.78242000000000000e-01 2.60186402500464375e-01
3.23905494023076628e+01 4.79220499999999994e-01 2.60718753056974950e-01
3.24236347438830563e+01 4.80199999999999960e-01 2.61251647661064956e-01
3.24567200854584428e+01 4.81180499999999900e-01 2.61785086312734394e-01
3.24898054270338292e+01 4.82161999999999868e-01 2.62319069011983264e-01
3.25228907686092228e+01 4.83144499999999977e-01 2.62853595758811787e-01
3.25559761101846163e+01 4.84128000000000003e-01 2.63388666553219630e-01
3.25890614517600099e+01 4.85112500000000002e-01 2.63924281395207017e-01
3.26221467933353964e+01 4.86097999999999864e-01 2.64460440284773668e-01
3.26552321349107828e+01 4.87084499999999865e-01 2.64997143221919973e-01
3.26883174764861764e+01 4.88072000000000006e-01 2.65534390206645710e-01
3.27214028180615699e+01 4.89060500000000009e-01 2.66072181238950933e-01
3.27544881596369635e+01 4.90049999999999986e-01 2.66610516318835700e-01
3.27875735012123499e+01 4.91040499999999880e-01 2.67149395446299731e-01
3.28206588427877435e+01 4.92031999999999858e-01 2.67688818621343416e-01
3.28537441843631299e+01 4.93024499999999977e-01 2.68228785843966477e-01
3.28868295259385235e+01 4.94018000000000013e-01 2.68769297114169081e-01
3.29199148675139170e+01 4.95012500000000022e-01 2.69310352431951117e-01
3.29530002090893035e+01 4.96007999999999893e-01 2.69851951797312528e-01
3.29860855506646971e+01 4.97004499999999905e-01 2.70394095210253538e-01
3.30191708922400835e+01 4.98002000000000000e-01 2.70936782670773924e-01
3.30522562338154771e+01 4.99000500000000013e-01 2.71480014178873907e-01
3.30853415753908706e+01 5.00000000000000000e-01 2.72023789734553267e-01
