# Synthetic Debye; axis unit and DOS unit recorded in material_results.json
0.00000000000000000e+00 0.00000000000000000e+00 0.00000000000000000e+00
3.30853415753908688e-05 4.99999999999999977e-07 2.72023789734553286e-04
6.61706831507817377e-05 1.99999999999999991e-06 1.08809515893821315e-03
9.92560247261726065e-05 4.50000000000000011e-06 2.44821410761097936e-03
1.32341366301563475e-04 7.99999999999999964e-06 4.35238063575285258e-03
1.65426707876954331e-04 1.25000000000000006e-05 6.80059474336383064e-03
1.98512049452345213e-04 1.80000000000000005e-05 9.79285643044391745e-03
2.31597391027736068e-04 2.44999999999999958e-05 1.33291656969931095e-02
2.64682732603126951e-04 3.19999999999999986e-05 1.74095225430114103e-02
2.97768074178517833e-04 4.04999999999999951e-05 2.20339269684988147e-02
3.30853415753908661e-04 5.00000000000000024e-05 2.72023789734553226e-02
3.63938757329299489e-04 6.04999999999999730e-05 3.29148785578809375e-02
3.97024098904690426e-04 7.20000000000000018e-05 3.91714257217756698e-02
4.30109440480081308e-04 8.45000000000000211e-05 4.59720204651395126e-02
4.63194782055472137e-04 9.79999999999999833e-05 5.33166627879724381e-02
4.96280123630863019e-04 1.12499999999999970e-04 6.12053526902744741e-02
5.29365465206253901e-04 1.27999999999999994e-04 6.96380901720456413e-02
5.62450806781644784e-04 1.44500000000000016e-04 7.86148752332858913e-02
5.95536148357035666e-04 1.61999999999999980e-04 8.81357078739952587e-02
6.28621489932426440e-04 1.80499999999999996e-04 9.82005880941737297e-02
6.61706831507817323e-04 2.00000000000000010e-04 1.08809515893821290e-01
6.94792173083208205e-04 2.20500000000000020e-04 1.19962491272938038e-01
7.27877514658598979e-04 2.41999999999999892e-04 1.31659514231523750e-01
7.60962856233989970e-04 2.64499999999999924e-04 1.43900584769578649e-01
7.94048197809380852e-04 2.88000000000000007e-04 1.56685702887102679e-01
8.27133539384771735e-04 3.12500000000000061e-04 1.70014868584095813e-01
8.60218880960162617e-04 3.38000000000000084e-04 1.83888081860558050e-01
8.93304222535553391e-04 3.64499999999999915e-04 1.98305342716489336e-01
9.26389564110944273e-04 3.91999999999999933e-04 2.13266651151889752e-01
9.59474905686335156e-04 4.20500000000000030e-04 2.28772007166759328e-01
9.92560247261726038e-04 4.49999999999999879e-04 2.44821410761097896e-01
1.02564558883711681e-03 4.80499999999999862e-04 2.61414861934905707e-01
1.05873093041250780e-03 5.11999999999999977e-04 2.78552360688182565e-01
1.09181627198789858e-03 5.44500000000000062e-04 2.96233907020928500e-01
1.12490161356328957e-03 5.78000000000000063e-04 3.14459500933143565e-01
1.15798695513868034e-03 6.12499999999999872e-04 3.33229142424827707e-01
1.19107229671407133e-03 6.47999999999999922e-04 3.52542831495981035e-01
1.22415763828946211e-03 6.84499999999999887e-04 3.72400568146603383e-01
1.25724297986485288e-03 7.21999999999999986e-04 3.92802352376694919e-01
1.29032832144024387e-03 7.60500000000000000e-04 4.13748184186255419e-01
1.32341366301563465e-03 8.00000000000000038e-04 4.35238063575285161e-01
1.35649900459102564e-03 8.40500000000000101e-04 4.57271990543784090e-01
1.38958434616641641e-03 8.82000000000000080e-04 4.79849965091752151e-01
1.42266968774180740e-03 9.24500000000000191e-04 5.02971987219189010e-01
1.45575502931719796e-03 9.67999999999999568e-04 5.26638056926095000e-01
1.48884037089258895e-03 1.01249999999999951e-03 5.50848174212470343e-01
1.52192571246797994e-03 1.05799999999999970e-03 5.75602339078314595e-01
1.55501105404337071e-03 1.10450000000000001e-03 6.00900551523628090e-01
1.58809639561876170e-03 1.15200000000000003e-03 6.26742811548410717e-01
1.62118173719415248e-03 1.20050000000000018e-03 6.53129119152662474e-01
1.65426707876954347e-03 1.25000000000000024e-03 6.80059474336383252e-01
1.68735242034493446e-03 1.30050000000000022e-03 7.07533877099573161e-01
1.72043776192032523e-03 1.35200000000000034e-03 7.35552327442232201e-01
1.75352310349571579e-03 1.40449999999999950e-03 7.64114825364360040e-01
1.78660844507110678e-03 1.45799999999999966e-03 7.93221370865957343e-01
1.81969378664649777e-03 1.51249999999999974e-03 8.22871963947023555e-01
1.85277912822188855e-03 1.56799999999999973e-03 8.53066604607559009e-01
1.88586446979727954e-03 1.62449999999999964e-03 8.83805292847563595e-01
1.91894981137267031e-03 1.68200000000000012e-03 9.15088028667037312e-01
1.95203515294806130e-03 1.74050000000000029e-03 9.46914812065980049e-01
1.98512049452345208e-03 1.79999999999999952e-03 9.79285643044391585e-01
2.01820583609884285e-03 1.86049999999999952e-03 1.01220052160227270e+00
2.05129117767423362e-03 1.92199999999999945e-03 1.04565944773962283e+00
2.08437651924962483e-03 1.98450000000000015e-03 1.07966242145644165e+00
2.11746186082501561e-03 2.04799999999999991e-03 1.11420944275273026e+00
2.15054720240040638e-03 2.11250000000000023e-03 1.14930051162848756e+00
2.18363254397579715e-03 2.17800000000000025e-03 1.18493562808371400e+00
2.21671788555118836e-03 2.24450000000000040e-03 1.22111479211840979e+00
2.24980322712657914e-03 2.31200000000000025e-03 1.25783800373257426e+00
2.28288856870196991e-03 2.38049999999999937e-03 1.29510526292620787e+00
2.31597391027736068e-03 2.44999999999999949e-03 1.33291656969931083e+00
2.34905925185275146e-03 2.52049999999999974e-03 1.37127192405188292e+00
2.38214459342814266e-03 2.59199999999999969e-03 1.41017132598392414e+00
2.41522993500353344e-03 2.66449999999999977e-03 1.44961477549543449e+00
2.44831527657892421e-03 2.73799999999999955e-03 1.48960227258641353e+00
2.48140061815431499e-03 2.81249999999999990e-03 1.53013381725686237e+00
2.51448595972970576e-03 2.88799999999999994e-03 1.57120940950677968e+00
2.54757130130509653e-03 2.96450000000000012e-03 1.61282904933616633e+00
2.58065664288048774e-03 3.04200000000000000e-03 1.65499273674502168e+00
2.61374198445587852e-03 3.12050000000000001e-03 1.69770047173334659e+00
2.64682732603126929e-03 3.20000000000000015e-03 1.74095225430114064e+00
2.67991266760666006e-03 3.28049999999999913e-03 1.78474808444840383e+00
2.71299800918205127e-03 3.36200000000000040e-03 1.82908796217513636e+00
2.74608335075744161e-03 3.44449999999999921e-03 1.87397188748133714e+00
2.77916869233283282e-03 3.52800000000000032e-03 1.91939986036700860e+00
2.81225403390822359e-03 3.61249999999999939e-03 1.96537188083214698e+00
2.84533937548361480e-03 3.69800000000000077e-03 2.01188794887675604e+00
2.87842471705900558e-03 3.78449999999999967e-03 2.05894806450083356e+00
2.91151005863439592e-03 3.87199999999999827e-03 2.10655222770438000e+00
2.94459540020978712e-03 3.96049999999999961e-03 2.15470043848739667e+00
2.97768074178517790e-03 4.04999999999999805e-03 2.20339269684988137e+00
3.01076608336056911e-03 4.14050000000000008e-03 2.25262900279183542e+00
3.04385142493595988e-03 4.23199999999999878e-03 2.30240935631325838e+00
3.07693676651135065e-03 4.32450000000000022e-03 2.35273375741415158e+00
3.11002210808674143e-03 4.41800000000000005e-03 2.40360220609451236e+00
3.14310744966213263e-03 4.51250000000000002e-03 2.45501470235434338e+00
3.17619279123752341e-03 4.60800000000000012e-03 2.50697124619364287e+00
3.20927813281291375e-03 4.70449999999999861e-03 2.55947183761241126e+00
3.24236347438830496e-03 4.80200000000000071e-03 2.61251647661064990e+00
3.27544881596369573e-03 4.90049999999999947e-03 2.66610516318835655e+00
3.30853415753908694e-03 5.00000000000000097e-03 2.72023789734553301e+00
3.34161949911447771e-03 5.10049999999999913e-03 2.77491467908217793e+00
3.37470484068986892e-03 5.20200000000000089e-03 2.83013550839829264e+00
3.40779018226525926e-03 5.30449999999999932e-03 2.88590038529387538e+00
3.44087552384065047e-03 5.40800000000000135e-03 2.94220930976892880e+00
3.47396086541604124e-03 5.51249999999999917e-03 2.99906228182345025e+00
3.50704620699143158e-03 5.61799999999999800e-03 3.05645930145744016e+00
3.54013154856682279e-03 5.72449999999999955e-03 3.11440036867090031e+00
3.57321689014221356e-03 5.83199999999999864e-03 3.17288548346382937e+00
3.60630223171760477e-03 5.94049999999999960e-03 3.23191464583622778e+00
3.63938757329299555e-03 6.04999999999999896e-03 3.29148785578809422e+00
3.67247291486838675e-03 6.16050000000000018e-03 3.35160511331943090e+00
3.70555825644377709e-03 6.27199999999999893e-03 3.41226641843023604e+00
3.73864359801916787e-03 6.38449999999999868e-03 3.47347177112051009e+00
3.77172893959455907e-03 6.49799999999999857e-03 3.53522117139025438e+00
3.80481428116994942e-03 6.61249999999999859e-03 3.59751461923946714e+00
3.83789962274534062e-03 6.72800000000000047e-03 3.66035211466814925e+00
3.87098496432073140e-03 6.84449999999999902e-03 3.72373365767629894e+00
3.90407030589612260e-03 6.96200000000000117e-03 3.78765924826392020e+00
3.93715564747151338e-03 7.08049999999999912e-03 3.85212888643100859e+00
3.97024098904690415e-03 7.19999999999999807e-03 3.91714257217756634e+00
4.00332633062229493e-03 7.32049999999999975e-03 3.98270030550359388e+00
4.03641167219768570e-03 7.44199999999999810e-03 4.04880208640909078e+00
4.06949701377307647e-03 7.56450000000000004e-03 4.11544791489405704e+00
4.10258235534846725e-03 7.68799999999999779e-03 4.18263779095849131e+00
4.13566769692385889e-03 7.81250000000000000e-03 4.25037171460239538e+00
4.16875303849924966e-03 7.93800000000000061e-03 4.31864968582576658e+00
4.20183838007464044e-03 8.06450000000000049e-03 4.38747170462861025e+00
4.23492372165003121e-03 8.19199999999999963e-03 4.45683777101092105e+00
4.26800906322542199e-03 8.32049999999999630e-03 4.52674788497269986e+00
4.30109440480081276e-03 8.45000000000000091e-03 4.59720204651395026e+00
4.33417974637620353e-03 8.58049999999999785e-03 4.66820025563466867e+00
4.36726508795159431e-03 8.71200000000000099e-03 4.73974251233485599e+00
4.40035042952698508e-03 8.84449999999999646e-03 4.81182881661451223e+00
4.43343577110237672e-03 8.97800000000000160e-03 4.88445916847363915e+00
4.46652111267776750e-03 9.11249999999999734e-03 4.95763356791223320e+00
4.49960645425315827e-03 9.24800000000000101e-03 5.03135201493029705e+00
4.53269179582854904e-03 9.38449999999999701e-03 5.10561450952782980e+00
4.56577713740393982e-03 9.52199999999999748e-03 5.18042105170483147e+00
4.59886247897933059e-03 9.66049999999999721e-03 5.25577164146130382e+00
4.63194782055472137e-03 9.79999999999999795e-03 5.33166627879724331e+00
4.66503316213011214e-03 9.94049999999999795e-03 5.40810496371265437e+00
4.69811850370550291e-03 1.00819999999999989e-02 5.48508769620753167e+00
4.73120384528089456e-03 1.02244999999999975e-02 5.56261447628188055e+00
4.76428918685628533e-03 1.03679999999999987e-02 5.64068530393569656e+00
4.79737452843167524e-03 1.05124999999999993e-02 5.71930017916898148e+00
4.83045987000706688e-03 1.06579999999999991e-02 5.79845910198173797e+00
4.86354521158245765e-03 1.08044999999999981e-02 5.87816207237396071e+00
4.89663055315784843e-03 1.09519999999999982e-02 5.95840909034565414e+00
4.92971589473323920e-03 1.11004999999999993e-02 6.03920015589681647e+00
4.96280123630862997e-03 1.12499999999999996e-02 6.12053526902744949e+00
4.99588657788402075e-03 1.14004999999999992e-02 6.20241442973754875e+00
5.02897191945941152e-03 1.15519999999999998e-02 6.28483763802711870e+00
5.06205726103480316e-03 1.17044999999999996e-02 6.36780489389615667e+00
5.09514260261019307e-03 1.18580000000000005e-02 6.45131619734466533e+00
5.12822794418558471e-03 1.20125000000000006e-02 6.53537154837264112e+00
5.16131328576097548e-03 1.21680000000000000e-02 6.61997094698008670e+00
5.19439862733636626e-03 1.23245000000000004e-02 6.70511439316700297e+00
5.22748396891175703e-03 1.24820000000000000e-02 6.79080188693338638e+00
5.26056931048714781e-03 1.26405000000000007e-02 6.87703342827924136e+00
5.29365465206253858e-03 1.28000000000000006e-02 6.96380901720456258e+00
5.32673999363792935e-03 1.29604999999999963e-02 7.05112865370935449e+00
5.35982533521332013e-03 1.31219999999999965e-02 7.13899233779361531e+00
5.39291067678871177e-03 1.32845000000000012e-02 7.22740006945734681e+00
5.42599601836410254e-03 1.34480000000000016e-02 7.31635184870054545e+00
5.45908135993949332e-03 1.36124999999999961e-02 7.40584767552321210e+00
5.49216670151488322e-03 1.37779999999999968e-02 7.49588754992534856e+00
5.52525204309027573e-03 1.39445000000000020e-02 7.58647147190695659e+00
5.55833738466566564e-03 1.41120000000000013e-02 7.67759944146803441e+00
5.59142272624105641e-03 1.42804999999999981e-02 7.76927145860857582e+00
5.62450806781644719e-03 1.44499999999999976e-02 7.86148752332858791e+00
5.65759340939183796e-03 1.46204999999999981e-02 7.95424763562807069e+00
5.69067875096722960e-03 1.47920000000000031e-02 8.04755179550702415e+00
5.72376409254262038e-03 1.49644999999999986e-02 8.14140000296544386e+00
5.75684943411801115e-03 1.51379999999999987e-02 8.23579225800333425e+00
5.78993477569340106e-03 1.53124999999999980e-02 8.33072856062069356e+00
5.82302011726879183e-03 1.54879999999999931e-02 8.42620891081751999e+00
5.85610545884418347e-03 1.56644999999999979e-02 8.52223330859382067e+00
5.88919080041957425e-03 1.58419999999999984e-02 8.61880175394958670e+00
5.92227614199496502e-03 1.60205000000000000e-02 8.71591424688482164e+00
5.95536148357035579e-03 1.61999999999999922e-02 8.81357078739952549e+00
5.98844682514574744e-03 1.63804999999999992e-02 8.91177137549370180e+00
6.02153216672113821e-03 1.65620000000000003e-02 9.01051601116734169e+00
6.05461750829652898e-03 1.67444999999999990e-02 9.10980469442045404e+00
6.08770284987191976e-03 1.69279999999999951e-02 9.20963742525303353e+00
6.12078819144730966e-03 1.71124999999999958e-02 9.31001420366508370e+00
6.15387353302270131e-03 1.72980000000000009e-02 9.41093502965660633e+00
6.18695887459809208e-03 1.74845000000000000e-02 9.51239990322759255e+00
6.22004421617348285e-03 1.76720000000000002e-02 9.61440882437804945e+00
6.25312955774887363e-03 1.78604999999999944e-02 9.71696179310797525e+00
6.28621489932426527e-03 1.80500000000000001e-02 9.82005880941737352e+00
6.31930024089965604e-03 1.82404999999999998e-02 9.92369987330623715e+00
6.35238558247504682e-03 1.84320000000000005e-02 1.00278849847745715e+01
6.38547092405043759e-03 1.86244999999999952e-02 1.01326141438223747e+01
6.41855626562582750e-03 1.88179999999999945e-02 1.02378873504496450e+01
6.45164160720121914e-03 1.90125000000000016e-02 1.03437046046563896e+01
6.48472694877660991e-03 1.92080000000000028e-02 1.04500659064425996e+01
6.51781229035200069e-03 1.94044999999999947e-02 1.05569712558082784e+01
6.55089763192739146e-03 1.96019999999999979e-02 1.06644206527534262e+01
6.58398297350278310e-03 1.98005000000000021e-02 1.07724140972780464e+01
6.61706831507817388e-03 2.00000000000000039e-02 1.08809515893821320e+01
6.65015365665356465e-03 2.02004999999999962e-02 1.09900331290656865e+01
6.68323899822895542e-03 2.04019999999999965e-02 1.10996587163287117e+01
6.71632433980434533e-03 2.06044999999999978e-02 1.12098283511712040e+01
6.74940968137973784e-03 2.08080000000000036e-02 1.13205420335931706e+01
6.78249502295512775e-03 2.10124999999999965e-02 1.14317997635946007e+01
6.81558036453051852e-03 2.12179999999999973e-02 1.15436015411755015e+01
6.84866570610590929e-03 2.14244999999999991e-02 1.16559473663358730e+01
6.88175104768130094e-03 2.16320000000000054e-02 1.17688372390757152e+01
6.91483638925669171e-03 2.18404999999999988e-02 1.18822711593950210e+01
6.94792173083208248e-03 2.20499999999999967e-02 1.19962491272938010e+01
6.98100707240747326e-03 2.22604999999999990e-02 1.21107711427720464e+01
7.01409241398286316e-03 2.24719999999999920e-02 1.22258372058297606e+01
7.04717775555825567e-03 2.26844999999999998e-02 1.23414473164669474e+01
7.08026309713364558e-03 2.28979999999999982e-02 1.24576014746836012e+01
7.11334843870903635e-03 2.31124999999999976e-02 1.25742996804797240e+01
7.14643378028442713e-03 2.33279999999999946e-02 1.26915419338553175e+01
7.17951912185981790e-03 2.35444999999999925e-02 1.28093282348103763e+01
7.21260446343520954e-03 2.37619999999999984e-02 1.29276585833449111e+01
7.24568980501060032e-03 2.39804999999999983e-02 1.30465329794589096e+01
7.27877514658599109e-03 2.41999999999999958e-02 1.31659514231523769e+01
7.31186048816138100e-03 2.44204999999999943e-02 1.32859139144253131e+01
7.34494582973677351e-03 2.46420000000000007e-02 1.34064204532777236e+01
7.37803117131216341e-03 2.48645000000000012e-02 1.35274710397095994e+01
7.41111651288755419e-03 2.50879999999999957e-02 1.36490656737209441e+01
7.44420185446294496e-03 2.53124999999999947e-02 1.37712043553117578e+01
7.47728719603833573e-03 2.55379999999999947e-02 1.38938870844820404e+01
7.51037253761372738e-03 2.57645000000000027e-02 1.40171138612317971e+01
7.54345787918911815e-03 2.59919999999999943e-02 1.41408846855610175e+01
7.57654322076450892e-03 2.62204999999999973e-02 1.42651995574697068e+01
7.60962856233989883e-03 2.64499999999999943e-02 1.43900584769578685e+01
7.64271390391529134e-03 2.66805000000000028e-02 1.45154614440254974e+01
7.67579924549068125e-03 2.69120000000000019e-02 1.46414084586725970e+01
7.70888458706607202e-03 2.71444999999999950e-02 1.47678995208991637e+01
7.74196992864146279e-03 2.73779999999999961e-02 1.48949346307051957e+01
7.77505527021685357e-03 2.76124999999999982e-02 1.50225137880907038e+01
7.80814061179224521e-03 2.78480000000000047e-02 1.51506369930556808e+01
7.84122595336763512e-03 2.80844999999999984e-02 1.52793042456001231e+01
7.87431129494302676e-03 2.83219999999999965e-02 1.54085155457240344e+01
7.90739663651841666e-03 2.85604999999999991e-02 1.55382708934274127e+01
7.94048197809380830e-03 2.87999999999999923e-02 1.56685702887102654e+01
7.97356731966919995e-03 2.90404999999999969e-02 1.57994137315725887e+01
8.00665266124458985e-03 2.92819999999999990e-02 1.59308012220143755e+01
8.03973800281997976e-03 2.95244999999999987e-02 1.60627327600356331e+01
8.07282334439537140e-03 2.97679999999999924e-02 1.61952083456363631e+01
8.10590868597076304e-03 3.00124999999999975e-02 1.63282279788165603e+01
8.13899402754615295e-03 3.02580000000000002e-02 1.64617916595762281e+01
8.17207936912154459e-03 3.05045000000000004e-02 1.65958993879153560e+01
8.20516471069693450e-03 3.07519999999999911e-02 1.67305511638339652e+01
8.23825005227232614e-03 3.10004999999999933e-02 1.68657469873320345e+01
8.27133539384771778e-03 3.12500000000000000e-02 1.70014868584095815e+01
8.30442073542310769e-03 3.15005000000000007e-02 1.71377707770665886e+01
8.33750607699849933e-03 3.17520000000000024e-02 1.72745987433030663e+01
8.37059141857388923e-03 3.20044999999999982e-02 1.74119707571190183e+01
8.40367676014928087e-03 3.22580000000000019e-02 1.75498868185144410e+01
8.43676210172467078e-03 3.25124999999999997e-02 1.76883469274893272e+01
8.46984744330006242e-03 3.27679999999999985e-02 1.78273510840436842e+01
8.50293278487545233e-03 3.30244999999999983e-02 1.79668992881775083e+01
8.53601812645084397e-03 3.32819999999999852e-02 1.81069915398907995e+01
8.56910346802623561e-03 3.35405000000000009e-02 1.82476278391835685e+01
8.60218880960162552e-03 3.38000000000000037e-02 1.83888081860558010e+01
8.63527415117701716e-03 3.40605000000000005e-02 1.85305325805075043e+01
8.66835949275240707e-03 3.43219999999999914e-02 1.86728010225386747e+01
8.70144483432779871e-03 3.45845000000000041e-02 1.88156135121493158e+01
8.73453017590318861e-03 3.48480000000000040e-02 1.89589700493394240e+01
8.76761551747858026e-03 3.51125000000000048e-02 1.91028706341090029e+01
8.80070085905397016e-03 3.53779999999999858e-02 1.92473152664580489e+01
8.83378620062936180e-03 3.56444999999999887e-02 1.93923039463865656e+01
8.86687154220475345e-03 3.59120000000000064e-02 1.95378366738945566e+01
8.89995688378014335e-03 3.61805000000000043e-02 1.96839134489820076e+01
8.93304222535553499e-03 3.64499999999999894e-02 1.98305342716489328e+01
8.96612756693092490e-03 3.67204999999999893e-02 1.99776991418953287e+01
8.99921290850631654e-03 3.69920000000000040e-02 2.01254080597211882e+01
9.03229825008170645e-03 3.72645000000000060e-02 2.02736610251265219e+01
9.06538359165709809e-03 3.75379999999999880e-02 2.04224580381113192e+01
9.09846893323248800e-03 3.78124999999999920e-02 2.05717990986755908e+01
9.13155427480787964e-03 3.80879999999999899e-02 2.07216842068193259e+01
9.16463961638327128e-03 3.83645000000000097e-02 2.08721133625425423e+01
9.19772495795866118e-03 3.86419999999999889e-02 2.10230865658452153e+01
9.23081029953405283e-03 3.89204999999999898e-02 2.11746038167273625e+01
9.26389564110944273e-03 3.91999999999999918e-02 2.13266651151889732e+01
9.29698098268483264e-03 3.94804999999999948e-02 2.14792704612300582e+01
9.33006632426022428e-03 3.97619999999999918e-02 2.16324198548506175e+01
9.36315166583561592e-03 4.00444999999999898e-02 2.17861132960506403e+01
9.39623700741100583e-03 4.03279999999999958e-02 2.19403507848301267e+01
9.42932234898639747e-03 4.06124999999999958e-02 2.20951323211890873e+01
9.46240769056178911e-03 4.08979999999999899e-02 2.22504579051275222e+01
9.49549303213717902e-03 4.11844999999999919e-02 2.24063275366454207e+01
9.52857837371257066e-03 4.14719999999999950e-02 2.25627412157427862e+01
9.56166371528796057e-03 4.17604999999999921e-02 2.27196989424196225e+01
9.59474905686335047e-03 4.20499999999999971e-02 2.28772007166759259e+01
9.62783439843874211e-03 4.23404999999999962e-02 2.30352465385117071e+01
9.66091974001413376e-03 4.26319999999999963e-02 2.31938364079269519e+01
9.69400508158952366e-03 4.29244999999999974e-02 2.33529703249216638e+01
9.72709042316491530e-03 4.32179999999999925e-02 2.35126482894958428e+01
9.76017576474030694e-03 4.35124999999999956e-02 2.36728703016494997e+01
9.79326110631569685e-03 4.38079999999999928e-02 2.38336363613826165e+01
9.82634644789108849e-03 4.41044999999999979e-02 2.39949464686952076e+01
9.85943178946647840e-03 4.44019999999999970e-02 2.41568006235872659e+01
9.89251713104186831e-03 4.47004999999999972e-02 2.43191988260587983e+01
9.92560247261725995e-03 4.49999999999999983e-02 2.44821410761097980e+01
9.95868781419265159e-03 4.53004999999999936e-02 2.46456273737402576e+01
9.99177315576804149e-03 4.56019999999999967e-02 2.48096577189501950e+01
1.00248584973434331e-02 4.59045000000000009e-02 2.49742321117395960e+01
1.00579438389188230e-02 4.62079999999999991e-02 2.51393505521084748e+01
1.00910291804942147e-02 4.65124999999999983e-02 2.53050130400568172e+01
1.01241145220696063e-02 4.68179999999999985e-02 2.54712195755846267e+01
1.01571998636449962e-02 4.71244999999999997e-02 2.56379701586919104e+01
1.01902852052203861e-02 4.74320000000000019e-02 2.58052647893786613e+01
1.02233705467957778e-02 4.77404999999999982e-02 2.59731034676448864e+01
1.02564558883711694e-02 4.80500000000000024e-02 2.61414861934905645e+01
1.02895412299465593e-02 4.83605000000000007e-02 2.63104129669157238e+01
1.03226265715219510e-02 4.86720000000000000e-02 2.64798837879203468e+01
1.03557119130973409e-02 4.89844999999999794e-02 2.66498986565044476e+01
1.03887972546727325e-02 4.92980000000000015e-02 2.68204575726680119e+01
1.04218825962481242e-02 4.96125000000000038e-02 2.69915605364110505e+01
1.04549679378235141e-02 4.99280000000000002e-02 2.71632075477335455e+01
1.04880532793989040e-02 5.02444999999999836e-02 2.73353986066355219e+01
1.05211386209742956e-02 5.05620000000000028e-02 2.75081337131169654e+01
1.05542239625496873e-02 5.08805000000000021e-02 2.76814128671778725e+01
1.05873093041250772e-02 5.12000000000000025e-02 2.78552360688182503e+01
1.06203946457004688e-02 5.15205000000000038e-02 2.80296033180381094e+01
1.06534799872758587e-02 5.18419999999999853e-02 2.82045146148374180e+01
1.06865653288512504e-02 5.21645000000000025e-02 2.83799699592162078e+01
1.07196506704266403e-02 5.24879999999999861e-02 2.85559693511744612e+01
1.07527360120020319e-02 5.28124999999999845e-02 2.87325127907121889e+01
1.07858213535774235e-02 5.31380000000000047e-02 2.89096002778293872e+01
1.08189066951528134e-02 5.34644999999999843e-02 2.90872318125260421e+01
1.08519920367282051e-02 5.37920000000000065e-02 2.92654073948021818e+01
1.08850773783035950e-02 5.41204999999999881e-02 2.94441270246577744e+01
1.09181627198789866e-02 5.44499999999999845e-02 2.96233907020928484e+01
1.09512480614543783e-02 5.47805000000000028e-02 2.98031984271073931e+01
1.09843334030297664e-02 5.51119999999999874e-02 2.99835501997013942e+01
1.10174187446051598e-02 5.54445000000000077e-02 3.01644460198748803e+01
1.10505040861805515e-02 5.57780000000000081e-02 3.03458858876278263e+01
1.10835894277559396e-02 5.61124999999999888e-02 3.05278698029602396e+01
1.11166747693313313e-02 5.64480000000000051e-02 3.07103977658721377e+01
1.11497601109067212e-02 5.67844999999999878e-02 3.08934697763634780e+01
1.11828454524821128e-02 5.71219999999999922e-02 3.10770858344343033e+01
1.12159307940575045e-02 5.74605000000000046e-02 3.12612459400846063e+01
1.12490161356328944e-02 5.77999999999999903e-02 3.14459500933143516e+01
1.12821014772082860e-02 5.81405000000000116e-02 3.16311982941235961e+01
1.13151868187836759e-02 5.84819999999999923e-02 3.18169905425122828e+01
1.13482721603590676e-02 5.88244999999999879e-02 3.20033268384804614e+01
1.13813575019344592e-02 5.91680000000000123e-02 3.21902071820280966e+01
1.14144428435098491e-02 5.95124999999999890e-02 3.23776315731551989e+01
1.14475281850852408e-02 5.98579999999999945e-02 3.25656000118617754e+01
1.14806135266606307e-02 6.02044999999999941e-02 3.27541124981478191e+01
1.15136988682360223e-02 6.05519999999999947e-02 3.29431690320133370e+01
1.15467842098114139e-02 6.09005000000000102e-02 3.31327696134583292e+01
1.15798695513868021e-02 6.12499999999999920e-02 3.33229142424827742e+01
1.16129548929621955e-02 6.16004999999999955e-02 3.35136029190867006e+01
1.16460402345375837e-02 6.19519999999999724e-02 3.37048356432700800e+01
1.16791255761129753e-02 6.23044999999999918e-02 3.38966124150329478e+01
1.17122109176883669e-02 6.26579999999999915e-02 3.40889332343752827e+01
1.17452962592637569e-02 6.30124999999999991e-02 3.42817981012970776e+01
1.17783816008391485e-02 6.33679999999999938e-02 3.44752070157983468e+01
1.18114669424145401e-02 6.37245000000000172e-02 3.46691599778790831e+01
1.18445522839899300e-02 6.40820000000000001e-02 3.48636569875392865e+01
1.18776376255653217e-02 6.44404999999999978e-02 3.50586980447789571e+01
1.19107229671407116e-02 6.47999999999999687e-02 3.52542831495981019e+01
1.19438083087161032e-02 6.51604999999999962e-02 3.54504123019967139e+01
1.19768936502914949e-02 6.55219999999999969e-02 3.56470855019748072e+01
1.20099789918668848e-02 6.58844999999999986e-02 3.58443027495323463e+01
1.20430643334422764e-02 6.62480000000000013e-02 3.60420640446693668e+01
1.20761496750176663e-02 6.66124999999999773e-02 3.62403693873858543e+01
1.21092350165930580e-02 6.69779999999999959e-02 3.64392187776818162e+01
1.21423203581684496e-02 6.73445000000000016e-02 3.66386122155572522e+01
1.21754056997438395e-02 6.77119999999999805e-02 3.68385497010121341e+01
1.22084910413192312e-02 6.80805000000000021e-02 3.70390312340465115e+01
1.22415763828946193e-02 6.84499999999999831e-02 3.72400568146603348e+01
1.22746617244700110e-02 6.88204999999999928e-02 3.74416264428536465e+01
1.23077470660454026e-02 6.91920000000000035e-02 3.76437401186264253e+01
1.23408324076207925e-02 6.95644999999999736e-02 3.78463978419786571e+01
1.23739177491961842e-02 6.99380000000000002e-02 3.80495996129103702e+01
1.24070030907715758e-02 7.03125000000000000e-02 3.82533454314215646e+01
1.24400884323469657e-02 7.06880000000000008e-02 3.84576352975121978e+01
1.24731737739223573e-02 7.10645000000000027e-02 3.86624692111823265e+01
1.25062591154977473e-02 7.14419999999999777e-02 3.88678471724319010e+01
1.25393444570731389e-02 7.18204999999999955e-02 3.90737691812609711e+01
1.25724297986485305e-02 7.22000000000000003e-02 3.92802352376694941e+01
1.26055151402239204e-02 7.25804999999999784e-02 3.94872453416574771e+01
1.26386004817993121e-02 7.29619999999999991e-02 3.96947994932249486e+01
1.26716858233747020e-02 7.33444999999999792e-02 3.99028976923718801e+01
1.27047711649500936e-02 7.37280000000000019e-02 4.01115399390982859e+01
1.27378565065254853e-02 7.41124999999999978e-02 4.03207262334041658e+01
1.27709418481008752e-02 7.44979999999999809e-02 4.05304565752894987e+01
1.28040271896762668e-02 7.48845000000000066e-02 4.07407309647543059e+01
1.28371125312516550e-02 7.52719999999999778e-02 4.09515494017985802e+01
1.28701978728270466e-02 7.56604999999999778e-02 4.11629118864223358e+01
1.29032832144024383e-02 7.60500000000000065e-02 4.13748184186255585e+01
1.29363685559778282e-02 7.64404999999999807e-02 4.15872689984082342e+01
1.29694538975532198e-02 7.68320000000000114e-02 4.18002636257703983e+01
1.30025392391286097e-02 7.72244999999999876e-02 4.20138023007120083e+01
1.30356245807040014e-02 7.76179999999999787e-02 4.22278850232331138e+01
1.30687099222793930e-02 7.80125000000000124e-02 4.24425117933336793e+01
1.31017952638547829e-02 7.84079999999999916e-02 4.26576826110137048e+01
1.31348806054301746e-02 7.88044999999999857e-02 4.28733974762732117e+01
1.31679659470055662e-02 7.92020000000000085e-02 4.30896563891121858e+01
1.32010512885809561e-02 7.96004999999999907e-02 4.33064593495306127e+01
1.32341366301563478e-02 8.00000000000000155e-02 4.35238063575285281e+01
1.32672219717317377e-02 8.04004999999999859e-02 4.37416974131058964e+01
1.33003073133071293e-02 8.08019999999999849e-02 4.39601325162627461e+01
1.33333926548825209e-02 8.12045000000000128e-02 4.41791116669990700e+01
1.33664779964579108e-02 8.16079999999999861e-02 4.43986348653148468e+01
1.33995633380333025e-02 8.20124999999999882e-02 4.46187021112101050e+01
1.34326486796086907e-02 8.24179999999999913e-02 4.48393134046848161e+01
1.34657340211840823e-02 8.28244999999999953e-02 4.50604687457390085e+01
1.34988193627594757e-02 8.32320000000000143e-02 4.52821681343726823e+01
1.35319047043348639e-02 8.36404999999999926e-02 4.55044115705858019e+01
1.35649900459102555e-02 8.40499999999999858e-02 4.57271990543784028e+01
1.35980753874856454e-02 8.44604999999999939e-02 4.59505305857504638e+01
1.36311607290610370e-02 8.48719999999999891e-02 4.61744061647020061e+01
1.36642460706364287e-02 8.52844999999999853e-02 4.63988257912330226e+01
1.36973314122118186e-02 8.56979999999999964e-02 4.66237894653434921e+01
1.37304167537872102e-02 8.61124999999999946e-02 4.68492971870334358e+01
1.37635020953626019e-02 8.65280000000000216e-02 4.70753489563028609e+01
1.37965874369379918e-02 8.69444999999999940e-02 4.73019447731517317e+01
1.38296727785133834e-02 8.73619999999999952e-02 4.75290846375800839e+01
1.38627581200887733e-02 8.77804999999999974e-02 4.77567685495879033e+01
1.38958434616641650e-02 8.81999999999999867e-02 4.79849965091752040e+01
1.39289288032395566e-02 8.86205000000000187e-02 4.82137685163419576e+01
1.39620141448149465e-02 8.90419999999999962e-02 4.84430845710881854e+01
1.39950994863903382e-02 8.94644999999999885e-02 4.86729446734138804e+01
1.40281848279657263e-02 8.98879999999999679e-02 4.89033488233190425e+01
1.40612701695411180e-02 9.03124999999999900e-02 4.91342970208036860e+01
1.40943555111165113e-02 9.07379999999999992e-02 4.93657892658677895e+01
1.41274408526918995e-02 9.11644999999999955e-02 4.95978255585113601e+01
1.41605261942672912e-02 9.15919999999999929e-02 4.98304058987344050e+01
1.41936115358426811e-02 9.20204999999999773e-02 5.00635302865369098e+01
1.42266968774180727e-02 9.24499999999999905e-02 5.02971987219188961e+01
1.42597822189934643e-02 9.28804999999999908e-02 5.05314112048803494e+01
1.42928675605688543e-02 9.33119999999999783e-02 5.07661677354212699e+01
1.43259529021442459e-02 9.37444999999999945e-02 5.10014683135416576e+01
1.43590382437196358e-02 9.41779999999999701e-02 5.12373129392415052e+01
1.43921235852950274e-02 9.46125000000000022e-02 5.14737016125208342e+01
1.44252089268704191e-02 9.50479999999999936e-02 5.17106343333796445e+01
1.44582942684458090e-02 9.54844999999999722e-02 5.19481111018178936e+01
1.44913796100212006e-02 9.59219999999999934e-02 5.21861319178356382e+01
1.45244649515965923e-02 9.63605000000000017e-02 5.24246967814328642e+01
1.45575502931719822e-02 9.67999999999999833e-02 5.26638056926095075e+01
1.45906356347473738e-02 9.72405000000000075e-02 5.29034586513656535e+01
1.46237209763227620e-02 9.76819999999999772e-02 5.31436556577012524e+01
1.46568063178981536e-02 9.81245000000000034e-02 5.33843967116163398e+01
1.46898916594735470e-02 9.85680000000000028e-02 5.36256818131108943e+01
1.47229770010489352e-02 9.90124999999999755e-02 5.38675109621849018e+01
1.47560623426243268e-02 9.94580000000000047e-02 5.41098841588383976e+01
1.47891476841997167e-02 9.99044999999999794e-02 5.43528014030713535e+01
1.48222330257751084e-02 1.00351999999999983e-01 5.45962626948837766e+01
1.48553183673505000e-02 1.00800500000000001e-01 5.48402680342756739e+01
1.48884037089258899e-02 1.01249999999999979e-01 5.50848174212470312e+01
1.49214890505012816e-02 1.01700499999999999e-01 5.53299108557978769e+01
1.49545743920766715e-02 1.02151999999999979e-01 5.55755483379281614e+01
1.49876597336520631e-02 1.02604499999999987e-01 5.58217298676379343e+01
1.50207450752274548e-02 1.03058000000000011e-01 5.60684554449271886e+01
1.50538304168028447e-02 1.03512499999999980e-01 5.63157250697958816e+01
1.50869157583782363e-02 1.03967999999999977e-01 5.65635387422440701e+01
1.51200010999536245e-02 1.04424499999999976e-01 5.68118964622716973e+01
1.51530864415290178e-02 1.04881999999999989e-01 5.70607982298788272e+01
1.51861717831044095e-02 1.05340500000000004e-01 5.73102440450654242e+01
1.52192571246797977e-02 1.05799999999999977e-01 5.75602339078314742e+01
1.52523424662551893e-02 1.06260499999999980e-01 5.78107678181769913e+01
1.52854278078305827e-02 1.06722000000000011e-01 5.80618457761019897e+01
1.53185131494059708e-02 1.07184499999999988e-01 5.83134677816064411e+01
1.53515984909813625e-02 1.07648000000000008e-01 5.85656338346903880e+01
1.53846838325567524e-02 1.08112499999999986e-01 5.88183439353537736e+01
1.54177691741321440e-02 1.08577999999999980e-01 5.90715980835966548e+01
1.54508545157075357e-02 1.09044500000000016e-01 5.93253962794189889e+01
1.54839398572829256e-02 1.09511999999999984e-01 5.95797385228207830e+01
1.55170251988583172e-02 1.09980499999999981e-01 5.98346248138020584e+01
1.55501105404337071e-02 1.10449999999999993e-01 6.00900551523628152e+01
1.55831958820090988e-02 1.10920499999999991e-01 6.03460295385030321e+01
1.56162812235844904e-02 1.11392000000000019e-01 6.06025479722227232e+01
1.56493665651598786e-02 1.11864499999999992e-01 6.08596104535218672e+01
1.56824519067352702e-02 1.12337999999999993e-01 6.11172169824004925e+01
1.57155372483106619e-02 1.12812499999999968e-01 6.13753675588585708e+01
1.57486225898860535e-02 1.13287999999999986e-01 6.16340621828961375e+01
1.57817079314614452e-02 1.13764499999999991e-01 6.18933008545131713e+01
1.58147932730368333e-02 1.14241999999999996e-01 6.21530835737096510e+01
1.58478786146122250e-02 1.14720499999999989e-01 6.24134103404856404e+01
1.58809639561876166e-02 1.15199999999999969e-01 6.26742811548410614e+01
1.59140492977630083e-02 1.15680499999999992e-01 6.29356960167759851e+01
1.59471346393383999e-02 1.16161999999999987e-01 6.31976549262903546e+01
1.59802199809137881e-02 1.16644499999999970e-01 6.34601578833841842e+01
1.60133053224891797e-02 1.17127999999999996e-01 6.37232048880575022e+01
1.60463906640645713e-02 1.17612499999999995e-01 6.39867959403102944e+01
1.60794760056399595e-02 1.18097999999999995e-01 6.42509310401425324e+01
1.61125613472153546e-02 1.18584499999999995e-01 6.45156101875542589e+01
1.61456466887907428e-02 1.19071999999999970e-01 6.47808333825454525e+01
1.61787320303661344e-02 1.19560500000000000e-01 6.50466006251160991e+01
1.62118173719415261e-02 1.20049999999999990e-01 6.53129119152662412e+01
1.62449027135169143e-02 1.20540499999999967e-01 6.55797672529958220e+01
1.62779880550923059e-02 1.21032000000000001e-01 6.58471666383049126e+01
1.63110733966676975e-02 1.21524499999999966e-01 6.61151100711934134e+01
1.63441587382430892e-02 1.22018000000000001e-01 6.63835975516614241e+01
1.63772440798184808e-02 1.22512499999999996e-01 6.66526290797089160e+01
1.64103294213938690e-02 1.23007999999999965e-01 6.69222046553358609e+01
1.64434147629692606e-02 1.23504500000000003e-01 6.71923242785422730e+01
1.64765001045446523e-02 1.24001999999999973e-01 6.74629879493281379e+01
1.65095854461200439e-02 1.24500500000000000e-01 6.77341956676934842e+01
1.65426707876954356e-02 1.25000000000000000e-01 6.80059474336383261e+01
1.65757561292708237e-02 1.25500499999999987e-01 6.82782432471626066e+01
1.66088414708462154e-02 1.26002000000000003e-01 6.85510831082663543e+01
1.66419268124216070e-02 1.26504499999999992e-01 6.88244670169495976e+01
1.66750121539969987e-02 1.27008000000000010e-01 6.90983949732122653e+01
1.67080974955723903e-02 1.27512500000000001e-01 6.93728669770544570e+01
1.67411828371477785e-02 1.28017999999999993e-01 6.96478830284760733e+01
1.67742681787231701e-02 1.28524500000000014e-01 6.99234431274771850e+01
1.68073535202985617e-02 1.29032000000000008e-01 7.01995472740577640e+01
1.68404388618739499e-02 1.29540500000000003e-01 7.04761954682177816e+01
1.68735242034493416e-02 1.30049999999999999e-01 7.07533877099573090e+01
1.69066095450247332e-02 1.30560499999999940e-01 7.10311239992762751e+01
1.69396948866001248e-02 1.31071999999999994e-01 7.13094043361747367e+01
1.69727802281755165e-02 1.31584499999999993e-01 7.15882287206526655e+01
1.70058655697509047e-02 1.32097999999999993e-01 7.18675971527100330e+01
1.70389509113262963e-02 1.32612499999999994e-01 7.21475096323468961e+01
1.70720362529016879e-02 1.33127999999999941e-01 7.24279661595631978e+01
1.71051215944770796e-02 1.33644499999999999e-01 7.27089667343590094e+01
1.71382069360524712e-02 1.34162000000000003e-01 7.29905113567342738e+01
1.71712922776278594e-02 1.34680499999999953e-01 7.32726000266889912e+01
1.72043776192032510e-02 1.35200000000000015e-01 7.35552327442232041e+01
1.72374629607786392e-02 1.35720499999999938e-01 7.38384095093368558e+01
1.72705483023540343e-02 1.36242000000000002e-01 7.41221303220300172e+01
1.73036336439294260e-02 1.36764500000000011e-01 7.44063951823026315e+01
1.73367189855048141e-02 1.37287999999999966e-01 7.46912040901546987e+01
1.73698043270802058e-02 1.37812500000000004e-01 7.49765570455862473e+01
1.74028896686555974e-02 1.38338000000000017e-01 7.52624540485972631e+01
1.74359750102309856e-02 1.38864499999999946e-01 7.55488950991877317e+01
1.74690603518063772e-02 1.39392000000000016e-01 7.58358801973576959e+01
1.75021456933817689e-02 1.39920499999999948e-01 7.61234093431071130e+01
1.75352310349571605e-02 1.40450000000000019e-01 7.64114825364360115e+01
1.75683163765325522e-02 1.40980500000000009e-01 7.67000997773443771e+01
1.76014017181079403e-02 1.41511999999999943e-01 7.69892610658321956e+01
1.76344870596833320e-02 1.42044500000000018e-01 7.72789664018995097e+01
1.76675724012587236e-02 1.42577999999999955e-01 7.75692157855462625e+01
1.77006577428341152e-02 1.43112499999999948e-01 7.78600092167725109e+01
1.77337430844095069e-02 1.43648000000000026e-01 7.81513466955782263e+01
1.77668284259848951e-02 1.44184499999999965e-01 7.84432282219633947e+01
1.77999137675602867e-02 1.44722000000000017e-01 7.87356537959280303e+01
1.78329991091356749e-02 1.45260499999999959e-01 7.90286234174721329e+01
1.78660844507110700e-02 1.45799999999999957e-01 7.93221370865957311e+01
1.78991697922864616e-02 1.46340500000000012e-01 7.96161948032987965e+01
1.79322551338618498e-02 1.46881999999999957e-01 7.99107965675813148e+01
1.79653404754372414e-02 1.47424500000000014e-01 8.02059423794433002e+01
1.79984258170126331e-02 1.47968000000000016e-01 8.05016322388847527e+01
1.80315111585880213e-02 1.48512499999999964e-01 8.07978661459056724e+01
1.80645965001634129e-02 1.49058000000000024e-01 8.10946441005060876e+01
1.80976818417388045e-02 1.49604499999999974e-01 8.13919661026859416e+01
1.81307671833141962e-02 1.50151999999999952e-01 8.16898321524452768e+01
1.81638525248895878e-02 1.50700500000000015e-01 8.19882422497840935e+01
1.81969378664649760e-02 1.51249999999999968e-01 8.22871963947023630e+01
1.82300232080403676e-02 1.51800500000000033e-01 8.25866945872001139e+01
1.82631085496157593e-02 1.52351999999999960e-01 8.28867368272773035e+01
1.82961938911911509e-02 1.52904499999999971e-01 8.31873231149340029e+01
1.83292792327665426e-02 1.53458000000000039e-01 8.34884534501701694e+01
1.83623645743419307e-02 1.54012499999999969e-01 8.37901278329857746e+01
1.83954499159173224e-02 1.54567999999999955e-01 8.40923462633808612e+01
1.84285352574927105e-02 1.55124499999999971e-01 8.43951087413554006e+01
1.84616205990681057e-02 1.55681999999999959e-01 8.46984152669094499e+01
1.84947059406434973e-02 1.56240500000000032e-01 8.50022658400429520e+01
1.85277912822188855e-02 1.56799999999999967e-01 8.53066604607558929e+01
1.85608766237942771e-02 1.57360499999999959e-01 8.56115991290483294e+01
1.85939619653696653e-02 1.57921999999999979e-01 8.59170818449202329e+01
1.86270473069450569e-02 1.58484499999999973e-01 8.62231086083716178e+01
1.86601326485204486e-02 1.59047999999999967e-01 8.65296794194024699e+01
1.86932179900958402e-02 1.59612499999999963e-01 8.68367942780127606e+01
1.87263033316712318e-02 1.60177999999999959e-01 8.71444531842025611e+01
1.87593886732466235e-02 1.60744500000000040e-01 8.74526561379718146e+01
1.87924740148220117e-02 1.61311999999999983e-01 8.77614031393205067e+01
1.88255593563974033e-02 1.61880499999999983e-01 8.80706941882487087e+01
1.88586446979727949e-02 1.62449999999999983e-01 8.83805292847563493e+01
1.88917300395481866e-02 1.63020499999999985e-01 8.86909084288434855e+01
1.89248153811235782e-02 1.63591999999999960e-01 8.90018316205100888e+01
1.89579007226989664e-02 1.64164499999999963e-01 8.93132988597561308e+01
1.89909860642743580e-02 1.64737999999999968e-01 8.96253101465816826e+01
1.90240714058497462e-02 1.65312499999999973e-01 8.99378654809866589e+01
1.90571567474251413e-02 1.65887999999999980e-01 9.02509648629711450e+01
1.90902420890005330e-02 1.66464499999999987e-01 9.05646082925350981e+01
1.91233274305759211e-02 1.67041999999999968e-01 9.08787957696784900e+01
1.91564127721513128e-02 1.67620499999999978e-01 9.11935272944013775e+01
1.91894981137267009e-02 1.68199999999999988e-01 9.15088028667037037e+01
1.92225834553020926e-02 1.68780499999999972e-01 9.18246224865855396e+01
1.92556687968774842e-02 1.69361999999999985e-01 9.21409861540468285e+01
1.92887541384528759e-02 1.69944499999999971e-01 9.24578938690875560e+01
1.93218394800282675e-02 1.70527999999999985e-01 9.27753456317078076e+01
1.93549248216036557e-02 1.71112499999999973e-01 9.30933414419074836e+01
1.93880101631790473e-02 1.71697999999999990e-01 9.34118812996866552e+01
1.94210955047544390e-02 1.72284499999999979e-01 9.37309652050452939e+01
1.94541808463298306e-02 1.72871999999999970e-01 9.40505931579833714e+01
1.94872661879052222e-02 1.73460499999999990e-01 9.43707651585009444e+01
1.95203515294806139e-02 1.74049999999999983e-01 9.46914812065979987e+01
1.95534368710560021e-02 1.74640499999999976e-01 9.50127413022744918e+01
1.95865222126313937e-02 1.75231999999999971e-01 9.53345454455304662e+01
1.96196075542067819e-02 1.75824499999999995e-01 9.56568936363659077e+01
1.96526928957821770e-02 1.76417999999999991e-01 9.59797858747808306e+01
1.96857782373575686e-02 1.77012499999999989e-01 9.63032221607752348e+01
1.97188635789329568e-02 1.77607999999999988e-01 9.66272024943490635e+01
1.97519489205083484e-02 1.78204499999999988e-01 9.69517268755024020e+01
1.97850342620837366e-02 1.78801999999999989e-01 9.72767953042351934e+01
1.98181196036591283e-02 1.79400499999999991e-01 9.76024077805474377e+01
1.98512049452345199e-02 1.79999999999999993e-01 9.79285643044391918e+01
1.98842902868099115e-02 1.80600499999999997e-01 9.82552648759103846e+01
1.99173756283853032e-02 1.81201999999999974e-01 9.85825094949610303e+01
1.99504609699606913e-02 1.81804499999999980e-01 9.89102981615911716e+01
1.99835463115360830e-02 1.82407999999999987e-01 9.92386308758007800e+01
2.00166316531114746e-02 1.83012499999999995e-01 9.95675076375898840e+01
2.00497169946868663e-02 1.83618000000000003e-01 9.98969284469583840e+01
2.00828023362622579e-02 1.84224499999999985e-01 1.00226893303906408e+02
2.01158876778376461e-02 1.84831999999999996e-01 1.00557402208433899e+02
2.01489730194130377e-02 1.85440499999999980e-01 1.00888455160540843e+02
2.01820583609884294e-02 1.86049999999999993e-01 1.01220052160227269e+02
2.02151437025638210e-02 1.86660499999999979e-01 1.01552193207493147e+02
2.02482290441392127e-02 1.87271999999999994e-01 1.01884878302338507e+02
2.02813143857146043e-02 1.87884499999999982e-01 1.02218107444763334e+02
2.03143997272899925e-02 1.88497999999999999e-01 1.02551880634767642e+02
2.03474850688653841e-02 1.89112499999999989e-01 1.02886197872351417e+02
2.03805704104407723e-02 1.89728000000000008e-01 1.03221059157514645e+02
2.04136557520161639e-02 1.90344500000000000e-01 1.03556464490257326e+02
2.04467410935915556e-02 1.90961999999999993e-01 1.03892413870579546e+02
2.04798264351669472e-02 1.91580499999999987e-01 1.04228907298481161e+02
2.05129117767423388e-02 1.92200000000000010e-01 1.04565944773962258e+02
2.05459971183177270e-02 1.92820500000000006e-01 1.04903526297022850e+02
2.05790824598931187e-02 1.93442000000000003e-01 1.05241651867662895e+02
2.06121678014685103e-02 1.94064500000000001e-01 1.05580321485882436e+02
2.06452531430439019e-02 1.94688000000000000e-01 1.05919535151681387e+02
2.06783384846192936e-02 1.95312500000000000e-01 1.06259292865059862e+02
2.07114238261946818e-02 1.95937999999999918e-01 1.06599594626017790e+02
2.07445091677700734e-02 1.96564500000000003e-01 1.06940440434555200e+02
2.07775945093454650e-02 1.97192000000000006e-01 1.07281830290672048e+02
2.08106798509208567e-02 1.97820500000000010e-01 1.07623764194368377e+02
2.08437651924962483e-02 1.98450000000000015e-01 1.07966242145644202e+02
2.08768505340716400e-02 1.99080499999999994e-01 1.08309264144499465e+02
2.09099358756470281e-02 1.99712000000000001e-01 1.08652830190934182e+02
2.09430212172224198e-02 2.00344500000000009e-01 1.08996940284948408e+02
2.09761065587978079e-02 2.00977999999999934e-01 1.09341594426542088e+02
2.10091919003731996e-02 2.01612500000000000e-01 1.09686792615715248e+02
2.10422772419485912e-02 2.02248000000000011e-01 1.10032534852467862e+02
2.10753625835239829e-02 2.02884499999999995e-01 1.10378821136799928e+02
2.11084479250993745e-02 2.03522000000000008e-01 1.10725651468711490e+02
2.11415332666747627e-02 2.04160499999999939e-01 1.11073025848202505e+02
2.11746186082501543e-02 2.04800000000000010e-01 1.11420944275273001e+02
2.12077039498255460e-02 2.05440499999999998e-01 1.11769406749922993e+02
2.12407892914009376e-02 2.06082000000000015e-01 1.12118413272152438e+02
2.12738746329763258e-02 2.06724499999999950e-01 1.12467963841961293e+02
2.13069599745517174e-02 2.07367999999999941e-01 1.12818058459349672e+02
2.13400453161271091e-02 2.08012500000000017e-01 1.13168697124317504e+02
2.13731306577025007e-02 2.08658000000000010e-01 1.13519879836864831e+02
2.14062159992778923e-02 2.09304500000000004e-01 1.13871606596991626e+02
2.14393013408532805e-02 2.09951999999999944e-01 1.14223877404697845e+02
2.14723866824286722e-02 2.10600499999999941e-01 1.14576692259983560e+02
2.15054720240040638e-02 2.11249999999999938e-01 1.14930051162848756e+02
2.15385573655794554e-02 2.11900500000000019e-01 1.15283954113293404e+02
2.15716427071548471e-02 2.12552000000000019e-01 1.15638401111317549e+02
2.16047280487302353e-02 2.13204499999999936e-01 1.15993392156921090e+02
2.16378133903056269e-02 2.13857999999999937e-01 1.16348927250104168e+02
2.16708987318810185e-02 2.14512499999999939e-01 1.16705006390866700e+02
2.17039840734564102e-02 2.15168000000000026e-01 1.17061629579208727e+02
2.17370694150318018e-02 2.15824500000000030e-01 1.17418796815130207e+02
2.17701547566071900e-02 2.16481999999999952e-01 1.17776508098631098e+02
2.18032400981825816e-02 2.17140499999999959e-01 1.18134763429711498e+02
2.18363254397579733e-02 2.17799999999999938e-01 1.18493562808371394e+02
2.18694107813333649e-02 2.18460500000000030e-01 1.18852906234610771e+02
2.19024961229087566e-02 2.19122000000000011e-01 1.19212793708429572e+02
2.19355814644841482e-02 2.19784500000000022e-01 1.19573225229827855e+02
2.19686668060595329e-02 2.20447999999999950e-01 1.19934200798805577e+02
2.20017521476349280e-02 2.21112499999999962e-01 1.20295720415362808e+02
2.20348374892103196e-02 2.21778000000000031e-01 1.20657784079499521e+02
2.20679228307857113e-02 2.22444500000000017e-01 1.21020391791215687e+02
2.21010081723611029e-02 2.23112000000000033e-01 1.21383543550511305e+02
2.21340935139364876e-02 2.23780499999999966e-01 1.21747239357386391e+02
2.21671788555118793e-02 2.24449999999999955e-01 1.22111479211840958e+02
2.22002641970872709e-02 2.25120499999999946e-01 1.22476263113875007e+02
2.22333495386626626e-02 2.25792000000000020e-01 1.22841591063488551e+02
2.22664348802380542e-02 2.26464500000000041e-01 1.23207463060681491e+02
2.22995202218134424e-02 2.27137999999999951e-01 1.23573879105453912e+02
2.23326055633888340e-02 2.27812499999999946e-01 1.23940839197805829e+02
2.23656909049642257e-02 2.28487999999999969e-01 1.24308343337737213e+02
2.23987762465396173e-02 2.29164500000000021e-01 1.24676391525248064e+02
2.24318615881150089e-02 2.29842000000000019e-01 1.25044983760338425e+02
2.24649469296903971e-02 2.30520499999999962e-01 1.25414120043008154e+02
2.24980322712657888e-02 2.31199999999999961e-01 1.25783800373257407e+02
2.25311176128411804e-02 2.31880499999999962e-01 1.26154024751086155e+02
2.25642029544165720e-02 2.32562000000000046e-01 1.26524793176494384e+02
2.25972882959919637e-02 2.33244500000000049e-01 1.26896105649482038e+02
2.26303736375673518e-02 2.33927999999999969e-01 1.27267962170049131e+02
2.26634589791427435e-02 2.34612499999999974e-01 1.27640362738195748e+02
2.26965443207181351e-02 2.35297999999999952e-01 1.28013307353921846e+02
2.27296296622935268e-02 2.35984499999999958e-01 1.28386796017227368e+02
2.27627150038689184e-02 2.36672000000000049e-01 1.28760828728112386e+02
2.27958003454443066e-02 2.37360499999999974e-01 1.29135405486576815e+02
2.28288856870196982e-02 2.38049999999999956e-01 1.29510526292620796e+02
2.28619710285950899e-02 2.38740499999999967e-01 1.29886191146244215e+02
2.28950563701704815e-02 2.39431999999999978e-01 1.30262400047447102e+02
2.29281417117458731e-02 2.40124500000000046e-01 1.30639152996229484e+02
2.29612270533212613e-02 2.40817999999999977e-01 1.31016449992591276e+02
2.29943123948966530e-02 2.41512499999999963e-01 1.31394291036532564e+02
2.30273977364720446e-02 2.42207999999999979e-01 1.31772676128053348e+02
2.30604830780474362e-02 2.42904499999999968e-01 1.32151605267153599e+02
2.30935684196228279e-02 2.43602000000000041e-01 1.32531078453833317e+02
2.31266537611982126e-02 2.44300499999999976e-01 1.32911095688092445e+02
2.31597391027736042e-02 2.44999999999999968e-01 1.33291656969931097e+02
2.31928244443489993e-02 2.45700499999999961e-01 1.33672762299349216e+02
2.32259097859243910e-02 2.46401999999999982e-01 1.34054411676346803e+02
2.32589951274997826e-02 2.47104499999999977e-01 1.34436605100923856e+02
2.32920804690751673e-02 2.47807999999999889e-01 1.34819342573080320e+02
2.33251658106505590e-02 2.48512499999999970e-01 1.35202624092816336e+02
2.33582511522259506e-02 2.49217999999999967e-01 1.35586449660131791e+02
2.33913364938013423e-02 2.49924499999999966e-01 1.35970819275026713e+02
2.34244218353767339e-02 2.50631999999999966e-01 1.36355732937501131e+02
2.34575071769521290e-02 2.51340500000000078e-01 1.36741190647554987e+02
2.34905925185275137e-02 2.52049999999999996e-01 1.37127192405188310e+02
2.35236778601029053e-02 2.52760499999999999e-01 1.37513738210401101e+02
2.35567632016782970e-02 2.53471999999999975e-01 1.37900828063193387e+02
2.35898485432536886e-02 2.54184499999999980e-01 1.38288461963565112e+02
2.36229338848290803e-02 2.54898000000000069e-01 1.38676639911516332e+02
2.36560192264044684e-02 2.55612499999999965e-01 1.39065361907046963e+02
2.36891045679798601e-02 2.56328000000000000e-01 1.39454627950157146e+02
2.37221899095552517e-02 2.57044499999999954e-01 1.39844438040846768e+02
2.37552752511306434e-02 2.57761999999999991e-01 1.40234792179115829e+02
2.37883605927060350e-02 2.58480500000000057e-01 1.40625690364964413e+02
2.38214459342814232e-02 2.59199999999999875e-01 1.41017132598392408e+02
2.38545312758568148e-02 2.59920499999999999e-01 1.41409118879399898e+02
2.38876166174322065e-02 2.60641999999999985e-01 1.41801649207986856e+02
2.39207019590075981e-02 2.61364500000000000e-01 1.42194723584153309e+02
2.39537873005829897e-02 2.62087999999999988e-01 1.42588342007899229e+02
2.39868726421583779e-02 2.62812499999999893e-01 1.42982504479224531e+02
2.40199579837337696e-02 2.63537999999999994e-01 1.43377210998129385e+02
2.40530433253091612e-02 2.64264499999999958e-01 1.43772461564613707e+02
2.40861286668845528e-02 2.64992000000000005e-01 1.44168256178677467e+02
2.41192140084599445e-02 2.65720499999999971e-01 1.44564594840320751e+02
2.41522993500353327e-02 2.66449999999999909e-01 1.44961477549543417e+02
2.41853846916107243e-02 2.67180499999999987e-01 1.45358904306345607e+02
2.42184700331861159e-02 2.67911999999999983e-01 1.45756875110727265e+02
2.42515553747615076e-02 2.68644500000000008e-01 1.46155389962688417e+02
2.42846407163368992e-02 2.69378000000000006e-01 1.46554448862229009e+02
2.43177260579122839e-02 2.70112499999999922e-01 1.46954051809349011e+02
2.43508113994876790e-02 2.70847999999999922e-01 1.47354198804048536e+02
2.43838967410630707e-02 2.71584500000000006e-01 1.47754889846327558e+02
2.44169820826384623e-02 2.72322000000000009e-01 1.48156124936186046e+02
2.44500674242138540e-02 2.73060499999999984e-01 1.48557904073623973e+02
2.44831527657892387e-02 2.73799999999999932e-01 1.48960227258641339e+02
2.45162381073646303e-02 2.74540499999999910e-01 1.49363094491238229e+02
2.45493234489400219e-02 2.75281999999999971e-01 1.49766505771414586e+02
2.45824087905154136e-02 2.76024500000000006e-01 1.50170461099170410e+02
2.46154941320908052e-02 2.76768000000000014e-01 1.50574960474505701e+02
2.46485794736661934e-02 2.77512499999999940e-01 1.50980003897420403e+02
2.46816648152415850e-02 2.78257999999999894e-01 1.51385591367914628e+02
2.47147501568169767e-02 2.79004499999999989e-01 1.51791722885988321e+02
2.47478354983923683e-02 2.79752000000000001e-01 1.52198398451641481e+02
2.47809208399677600e-02 2.80500499999999986e-01 1.52605618064874108e+02
2.48140061815431516e-02 2.81250000000000000e-01 1.53013381725686259e+02
2.48470915231185398e-02 2.82000499999999932e-01 1.53421689434077763e+02
2.48801768646939314e-02 2.82752000000000003e-01 1.53830541190048791e+02
2.49132622062693231e-02 2.83504499999999993e-01 1.54239936993599315e+02
2.49463475478447147e-02 2.84258000000000011e-01 1.54649876844729306e+02
2.49794328894201063e-02 2.85012500000000002e-01 1.55060360743438736e+02
2.50125182309954945e-02 2.85767999999999911e-01 1.55471388689727604e+02
2.50456035725708862e-02 2.86524499999999904e-01 1.55882960683595996e+02
2.50786889141462778e-02 2.87281999999999982e-01 1.56295076725043884e+02
2.51117742557216694e-02 2.88040500000000033e-01 1.56707736814071211e+02
2.51448595972970611e-02 2.88800000000000001e-01 1.57120940950677976e+02
2.51779449388724492e-02 2.89560499999999943e-01 1.57534689134864209e+02
2.52110302804478409e-02 2.90321999999999913e-01 1.57948981366629909e+02
2.52441156220232325e-02 2.91084500000000024e-01 1.58363817645975132e+02
2.52772009635986242e-02 2.91847999999999996e-01 1.58779197972899794e+02
2.53102863051740158e-02 2.92612499999999998e-01 1.59195122347403952e+02
2.53433716467494040e-02 2.93377999999999917e-01 1.59611590769487520e+02
2.53764569883247956e-02 2.94144499999999920e-01 1.60028603239150584e+02
2.54095423299001873e-02 2.94912000000000007e-01 1.60446159756393143e+02
2.54426276714755789e-02 2.95680500000000013e-01 1.60864260321215170e+02
2.54757130130509706e-02 2.96449999999999991e-01 1.61282904933616663e+02
2.55087983546263553e-02 2.97220499999999943e-01 1.61702093593597567e+02
2.55418836962017504e-02 2.97991999999999924e-01 1.62121826301157995e+02
2.55749690377771420e-02 2.98764499999999933e-01 1.62542103056297861e+02
2.56080543793525336e-02 2.99538000000000026e-01 1.62962923859017224e+02
2.56411397209279253e-02 3.00312500000000038e-01 1.63384288709316081e+02
2.56742250625033100e-02 3.01087999999999911e-01 1.63806197607194321e+02
2.57073104040787016e-02 3.01864499999999925e-01 1.64228650552652113e+02
2.57403957456540933e-02 3.02641999999999911e-01 1.64651647545689343e+02
2.57734810872294849e-02 3.03420500000000037e-01 1.65075188586306041e+02
2.58065664288048766e-02 3.04200000000000026e-01 1.65499273674502234e+02
2.58396517703802647e-02 3.04980499999999932e-01 1.65923902810277781e+02
2.58727371119556564e-02 3.05761999999999923e-01 1.66349075993632937e+02
2.59058224535310480e-02 3.06544499999999942e-01 1.66774793224567532e+02
2.59389077951064397e-02 3.07328000000000046e-01 1.67201054503081593e+02
2.59719931366818313e-02 3.08112500000000011e-01 1.67627859829175094e+02
2.60050784782572195e-02 3.08897999999999950e-01 1.68055209202848033e+02
2.60381638198326111e-02 3.09684499999999918e-01 1.68483102624100496e+02
2.60712491614080027e-02 3.10471999999999915e-01 1.68911540092932455e+02
2.61043345029833944e-02 3.11260500000000051e-01 1.69340521609343824e+02
2.61374198445587860e-02 3.12050000000000050e-01 1.69770047173334717e+02
2.61705051861341777e-02 3.12840500000000021e-01 1.70200116784905049e+02
2.62035905277095658e-02 3.13631999999999966e-01 1.70630730444054819e+02
2.62366758692849575e-02 3.14424499999999940e-01 1.71061888150784085e+02
2.62697612108603491e-02 3.15217999999999943e-01 1.71493589905092847e+02
2.63028465524357408e-02 3.16012500000000029e-01 1.71925835706981019e+02
2.63359318940111324e-02 3.16808000000000034e-01 1.72358625556448743e+02
2.63690172355865206e-02 3.17604499999999956e-01 1.72791959453495821e+02
2.64021025771619122e-02 3.18401999999999963e-01 1.73225837398122451e+02
2.64351879187373039e-02 3.19200499999999943e-01 1.73660259390328548e+02
2.64682732603126955e-02 3.20000000000000062e-01 1.74095225430114112e+02
2.65013586018880871e-02 3.20800500000000044e-01 1.74530735517479144e+02
2.65344439434634753e-02 3.21601999999999943e-01 1.74966789652423586e+02
2.65675292850388670e-02 3.22404499999999927e-01 1.75403387834947551e+02
2.66006146266142586e-02 3.23207999999999940e-01 1.75840530065050984e+02
2.66336999681896502e-02 3.24012500000000037e-01 1.76278216342733913e+02
2.66667853097650419e-02 3.24818000000000051e-01 1.76716446667996280e+02
2.66998706513404266e-02 3.25624499999999928e-01 1.77155221040838086e+02
2.67329559929158217e-02 3.26431999999999944e-01 1.77594539461259387e+02
2.67660413344912133e-02 3.27240499999999934e-01 1.78034401929260156e+02
2.67991266760666050e-02 3.28049999999999953e-01 1.78474808444840420e+02
2.68322120176419966e-02 3.28860500000000056e-01 1.78915759008000123e+02
2.68652973592173813e-02 3.29671999999999965e-01 1.79357253618739264e+02
2.68983827007927730e-02 3.30484499999999959e-01 1.79799292277057930e+02
2.69314680423681646e-02 3.31297999999999981e-01 1.80241874982956034e+02
2.69645533839435562e-02 3.32112499999999977e-01 1.80685001736433662e+02
2.69976387255189514e-02 3.32928000000000057e-01 1.81128672537490729e+02
2.70307240670943361e-02 3.33744499999999944e-01 1.81572887386127178e+02
2.70638094086697277e-02 3.34561999999999971e-01 1.82017646282343208e+02
2.70968947502451193e-02 3.35380499999999970e-01 1.82462949226138704e+02
2.71299800918205110e-02 3.36199999999999943e-01 1.82908796217513611e+02
2.71630654333959026e-02 3.37020500000000056e-01 1.83355187256468042e+02
2.71961507749712908e-02 3.37841999999999976e-01 1.83802122343001855e+02
2.72292361165466824e-02 3.38664499999999979e-01 1.84249601477115220e+02
2.72623214581220741e-02 3.39487999999999956e-01 1.84697624658808024e+02
2.72954067996974657e-02 3.40312499999999962e-01 1.85146191888080324e+02
2.73284921412728574e-02 3.41137999999999941e-01 1.85595303164932091e+02
2.73615774828482455e-02 3.41964499999999894e-01 1.86044958489363268e+02
2.73946628244236372e-02 3.42791999999999986e-01 1.86495157861373968e+02
2.74277481659990288e-02 3.43620499999999940e-01 1.86945901280964108e+02
2.74608335075744205e-02 3.44449999999999978e-01 1.87397188748133743e+02
2.74939188491498121e-02 3.45280499999999990e-01 1.87849020262882846e+02
2.75270041907252037e-02 3.46112000000000086e-01 1.88301395825211443e+02
2.75600895323005919e-02 3.46944499999999989e-01 1.88754315435119423e+02
2.75931748738759836e-02 3.47777999999999976e-01 1.89207779092606927e+02
2.76262602154513752e-02 3.48612499999999992e-01 1.89661786797673898e+02
2.76593455570267668e-02 3.49447999999999981e-01 1.90116338550320336e+02
2.76924308986021585e-02 3.50284500000000054e-01 1.90571434350546241e+02
2.77255162401775467e-02 3.51121999999999990e-01 1.91027074198351613e+02
2.77586015817529383e-02 3.51960499999999954e-01 1.91483258093736481e+02
2.77916869233283299e-02 3.52799999999999947e-01 1.91939986036700816e+02
2.78247722649037216e-02 3.53640499999999969e-01 1.92397258027244590e+02
2.78578576064791132e-02 3.54482000000000075e-01 1.92855074065367830e+02
2.78909429480545014e-02 3.55324499999999877e-01 1.93313434151070538e+02
2.79240282896298930e-02 3.56167999999999985e-01 1.93772338284352742e+02
2.79571136312052847e-02 3.57012499999999955e-01 1.94231786465214384e+02
2.79901989727806763e-02 3.57857999999999954e-01 1.94691778693655522e+02
2.80232843143560680e-02 3.58704499999999982e-01 1.95152314969676183e+02
2.80563696559314527e-02 3.59551999999999872e-01 1.95613395293276170e+02
2.80894549975068443e-02 3.60400499999999957e-01 1.96075019664455738e+02
2.81225403390822359e-02 3.61249999999999960e-01 1.96537188083214744e+02
2.81556256806576276e-02 3.62100499999999992e-01 1.96999900549553217e+02
2.81887110222330227e-02 3.62951999999999997e-01 1.97463157063471158e+02
2.82217963638084074e-02 3.63804499999999864e-01 1.97926957624968537e+02
2.82548817053837990e-02 3.64657999999999982e-01 1.98391302234045440e+02
2.82879670469591907e-02 3.65512499999999962e-01 1.98856190890701782e+02
2.83210523885345823e-02 3.66367999999999971e-01 1.99321623594937620e+02
2.83541377301099740e-02 3.67224500000000009e-01 1.99787600346752896e+02
2.83872230716853621e-02 3.68081999999999909e-01 2.00254121146147639e+02
2.84203084132607538e-02 3.68940499999999894e-01 2.00721185993121878e+02
2.84533937548361454e-02 3.69799999999999962e-01 2.01188794887675584e+02
2.84864790964115371e-02 3.70660500000000004e-01 2.01656947829808757e+02
2.85195644379869287e-02 3.71521999999999963e-01 2.02125644819521398e+02
2.85526497795623169e-02 3.72384499999999896e-01 2.02594885856813505e+02
2.85857351211377085e-02 3.73247999999999913e-01 2.03064670941685080e+02
2.86188204627131002e-02 3.74112500000000014e-01 2.03535000074136121e+02
2.86519058042884918e-02 3.74977999999999978e-01 2.04005873254166630e+02
2.86849911458638834e-02 3.75844499999999970e-01 2.04477290481776635e+02
2.87180764874392716e-02 3.76711999999999880e-01 2.04949251756966021e+02
2.87511618290146632e-02 3.77580499999999875e-01 2.05421757079734931e+02
2.87842471705900549e-02 3.78450000000000009e-01 2.05894806450083337e+02
2.88173325121654465e-02 3.79320500000000005e-01 2.06368399868011210e+02
2.88504178537408382e-02 3.80191999999999974e-01 2.06842537333518578e+02
2.88835031953162263e-02 3.81064499999999917e-01 2.07317218846605300e+02
2.89165885368916180e-02 3.81937999999999889e-01 2.07792444407271574e+02
2.89496738784670096e-02 3.82812500000000000e-01 2.08268214015517344e+02
2.89827592200424013e-02 3.83687999999999974e-01 2.08744527671342553e+02
2.90158445616177929e-02 3.84564499999999976e-01 2.09221385374747229e+02
2.90489299031931845e-02 3.85442000000000007e-01 2.09698787125731457e+02
2.90820152447685727e-02 3.86320499999999900e-01 2.10176732924294924e+02
2.91151005863439644e-02 3.87199999999999933e-01 2.10655222770438030e+02
2.91481859279193560e-02 3.88080499999999995e-01 2.11134256664160603e+02
2.91812712694947476e-02 3.88962000000000030e-01 2.11613834605462614e+02
2.92143566110701393e-02 3.89844499999999983e-01 2.12093956594344121e+02
2.92474419526455240e-02 3.90727999999999909e-01 2.12574622630805010e+02
2.92805272942209156e-02 3.91612499999999919e-01 2.13055832714845451e+02
2.93136126357963073e-02 3.92498000000000014e-01 2.13537586846465359e+02
2.93466979773716989e-02 3.93384500000000026e-01 2.14019885025664735e+02
2.93797833189470940e-02 3.94272000000000011e-01 2.14502727252443577e+02
2.94128686605224787e-02 3.95160499999999915e-01 2.14986113526801802e+02
2.94459540020978704e-02 3.96049999999999902e-01 2.15470043848739607e+02
2.94790393436732620e-02 3.96940500000000029e-01 2.15954518218256851e+02
2.95121246852486536e-02 3.97832000000000019e-01 2.16439536635353591e+02
2.95452100268240453e-02 3.98724500000000037e-01 2.16925099100029797e+02
2.95782953683994335e-02 3.99617999999999918e-01 2.17411205612285414e+02
2.96113807099748251e-02 4.00512499999999938e-01 2.17897856172120555e+02
2.96444660515502167e-02 4.01407999999999932e-01 2.18385050779535106e+02
2.96775513931256084e-02 4.02304500000000009e-01 2.18872789434529182e+02
2.97106367347010000e-02 4.03202000000000005e-01 2.19361072137102695e+02
2.97437220762763882e-02 4.04100499999999918e-01 2.19849898887255648e+02
2.97768074178517798e-02 4.04999999999999916e-01 2.20339269684988125e+02
2.98098927594271715e-02 4.05900499999999942e-01 2.20829184530300068e+02
2.98429781010025631e-02 4.06801999999999997e-01 2.21319643423191508e+02
2.98760634425779548e-02 4.07704500000000025e-01 2.21810646363662329e+02
2.99091487841533429e-02 4.08607999999999916e-01 2.22302193351712646e+02
2.99422341257287346e-02 4.09512499999999946e-01 2.22794284387342486e+02
2.99753194673041262e-02 4.10417999999999950e-01 2.23286919470551737e+02
3.00084048088795179e-02 4.11324500000000037e-01 2.23780098601340512e+02
3.00414901504549095e-02 4.12232000000000043e-01 2.24273821779708754e+02
3.00745754920302977e-02 4.13140499999999911e-01 2.24768089005656350e+02
3.01076608336056893e-02 4.14049999999999918e-01 2.25262900279183526e+02
3.01407461751810810e-02 4.14960499999999954e-01 2.25758255600290198e+02
3.01738315167564726e-02 4.15871999999999908e-01 2.26254154968976280e+02
3.02069168583318642e-02 4.16784500000000058e-01 2.26750598385241886e+02
3.02400021999072489e-02 4.17697999999999903e-01 2.27247585849086789e+02
3.02730875414826441e-02 4.18612499999999943e-01 2.27745117360511330e+02
3.03061728830580357e-02 4.19527999999999957e-01 2.28243192919515309e+02
3.03392582246334273e-02 4.20444499999999943e-01 2.28741812526098755e+02
3.03723435662088190e-02 4.21362000000000014e-01 2.29240976180261697e+02
3.04054289077842106e-02 4.22280500000000059e-01 2.29740683882004049e+02
3.04385142493595953e-02 4.23199999999999910e-01 2.30240935631325897e+02
3.04715995909349870e-02 4.24120499999999956e-01 2.30741731428227155e+02
3.05046849325103786e-02 4.25041999999999920e-01 2.31243071272707965e+02
3.05377702740857737e-02 4.25964500000000024e-01 2.31744955164768271e+02
3.05708556156611654e-02 4.26888000000000045e-01 2.32247383104407959e+02
3.06039409572365501e-02 4.27812499999999929e-01 2.32750355091627085e+02
3.06370262988119417e-02 4.28737999999999952e-01 2.33253871126425764e+02
3.06701116403873333e-02 4.29664499999999949e-01 2.33757931208803939e+02
3.07031969819627250e-02 4.30592000000000030e-01 2.34262535338761552e+02
3.07362823235381166e-02 4.31520500000000029e-01 2.34767683516298604e+02
3.07693676651135048e-02 4.32449999999999946e-01 2.35273375741415094e+02
3.08024530066888964e-02 4.33380499999999946e-01 2.35779612014111109e+02
3.08355383482642881e-02 4.34311999999999920e-01 2.36286392334386619e+02
3.08686236898396797e-02 4.35244499999999923e-01 2.36793716702241596e+02
3.09017090314150714e-02 4.36178000000000066e-01 2.37301585117675955e+02
3.09347943729904595e-02 4.37112499999999959e-01 2.37809997580689782e+02
3.09678797145658512e-02 4.38047999999999937e-01 2.38318954091283132e+02
3.10009650561412428e-02 4.38984499999999944e-01 2.38828454649456035e+02
3.10340503977166345e-02 4.39921999999999924e-01 2.39338499255208234e+02
3.10671357392920261e-02 4.40860500000000044e-01 2.39849087908540071e+02
3.11002210808674143e-02 4.41799999999999971e-01 2.40360220609451261e+02
3.11333064224428059e-02 4.42740499999999926e-01 2.40871897357942004e+02
3.11663917640181976e-02 4.43681999999999965e-01 2.41384118154012128e+02
3.11994771055935892e-02 4.44624499999999978e-01 2.41896882997661749e+02
3.12325624471689808e-02 4.45568000000000075e-01 2.42410191888890893e+02
3.12656477887443690e-02 4.46512499999999979e-01 2.42924044827699419e+02
3.12987331303197572e-02 4.47457999999999967e-01 2.43438441814087469e+02
3.13318184718951523e-02 4.48404499999999928e-01 2.43953382848054986e+02
3.13649038134705405e-02 4.49351999999999974e-01 2.44468867929601970e+02
3.13979891550459356e-02 4.50300499999999937e-01 2.44984897058728393e+02
3.14310744966213237e-02 4.51249999999999873e-01 2.45501470235434283e+02
3.14641598381967119e-02 4.52200499999999950e-01 2.46018587459719697e+02
3.14972451797721070e-02 4.53151999999999944e-01 2.46536248731584550e+02
3.15303305213474952e-02 4.54104499999999967e-01 2.47054454051028927e+02
3.15634158629228903e-02 4.55057999999999963e-01 2.47573203418052685e+02
3.15965012044982785e-02 4.56012499999999876e-01 2.48092496832655911e+02
3.16295865460736667e-02 4.56967999999999985e-01 2.48612334294838604e+02
3.16626718876490618e-02 4.57924499999999957e-01 2.49132715804600906e+02
3.16957572292244499e-02 4.58881999999999957e-01 2.49653641361942562e+02
3.17288425707998450e-02 4.59840499999999985e-01 2.50175110966863684e+02
3.17619279123752332e-02 4.60799999999999876e-01 2.50697124619364246e+02
3.17950132539506214e-02 4.61760499999999963e-01 2.51219682319444303e+02
3.18280985955260165e-02 4.62721999999999967e-01 2.51742784067103941e+02
3.18611839371014047e-02 4.63684499999999944e-01 2.52266429862342932e+02
3.18942692786767998e-02 4.64647999999999950e-01 2.52790619705161419e+02
3.19273546202521880e-02 4.65612500000000096e-01 2.53315353595559401e+02
3.19604399618275761e-02 4.66577999999999882e-01 2.53840631533536737e+02
3.19935253034029712e-02 4.67544499999999974e-01 2.54366453519093682e+02
3.20266106449783594e-02 4.68511999999999984e-01 2.54892819552230009e+02
3.20596959865537545e-02 4.69480499999999967e-01 2.55419729632945945e+02
3.20927813281291427e-02 4.70449999999999979e-01 2.55947183761241178e+02
3.21258666697045309e-02 4.71420499999999854e-01 2.56475181937115963e+02
3.21589520112799190e-02 4.72391999999999979e-01 2.57003724160570130e+02
3.21920373528553141e-02 4.73364499999999966e-01 2.57532810431603878e+02
3.22251226944307093e-02 4.74337999999999982e-01 2.58062440750217036e+02
3.22582080360060974e-02 4.75312499999999971e-01 2.58592615116409718e+02
3.22912933775814856e-02 4.76287999999999878e-01 2.59123333530181810e+02
3.23243787191568738e-02 4.77264499999999980e-01 2.59654595991533370e+02
3.23574640607322689e-02 4.78242000000000000e-01 2.60186402500464396e+02
3.23905494023076571e-02 4.79220499999999994e-01 2.60718753056974947e+02
3.24236347438830522e-02 4.80199999999999960e-01 2.61251647661064965e+02
3.24567200854584403e-02 4.81180499999999900e-01 2.61785086312734393e+02
3.24898054270338285e-02 4.82161999999999868e-01 2.62319069011983288e+02
3.25228907686092236e-02 4.83144499999999977e-01 2.62853595758811764e+02
3.25559761101846118e-02 4.84128000000000003e-01 2.63388666553219650e+02
3.25890614517600069e-02 4.85112500000000002e-01 2.63924281395207004e+02
3.26221467933353951e-02 4.86097999999999864e-01 2.64460440284773654e+02
3.26552321349107832e-02 4.87084499999999865e-01 2.64997143221919998e+02
3.26883174764861784e-02 4.88072000000000006e-01 2.65534390206645696e+02
3.27214028180615665e-02 4.89060500000000009e-01 2.66072181238950918e+02
3.27544881596369616e-02 4.90049999999999986e-01 2.66610516318835664e+02
3.27875735012123498e-02 4.91040499999999880e-01 2.67149395446299707e+02
3.28206588427877380e-02 4.92031999999999858e-01 2.67688818621343444e+02
3.28537441843631331e-02 4.93024499999999977e-01 2.68228785843966534e+02
3.28868295259385213e-02 4.94018000000000013e-01 2.68769297114169092e+02
3.29199148675139164e-02 4.95012500000000022e-01 2.69310352431951173e+02
3.29530002090893046e-02 4.96007999999999893e-01 2.69851951797312552e+02
3.29860855506646927e-02 4.97004499999999905e-01 2.70394095210253511e+02
3.30191708922400878e-02 4.98002000000000000e-01 2.70936782670773937e+02
3.30522562338154760e-02 4.99000500000000013e-01 2.71480014178873887e+02
3.30853415753908711e-02 5.00000000000000000e-01 2.72023789734553304e+02
